crossing time (s)	slope (V/s)	crossing number
281474976710655.000000	20.694046	5403	0.000000
281474976710655.000000	21.525980	5404	0.000000
281474976710655.000000	21.451458	5405	0.000000
281474976710655.000000	21.550434	5406	0.000000
281474976710655.000000	22.116554	5407	0.000000
281474976710655.000000	24.308157	5408	0.000000
281474976710655.000000	24.134277	5409	0.000000
281474976710655.000000	24.459248	5410	0.000000
281474976710655.000000	21.484026	5411	0.000000
281474976710655.000000	21.722301	5412	0.000000
281474976710655.000000	21.602507	5413	0.000000
281474976710655.000000	23.728514	5414	0.000000
281474976710655.000000	21.227087	5415	0.000000
281474976710655.000000	24.232290	5416	0.000000
281474976710655.000000	23.107988	5417	0.000000
281474976710655.000000	23.111416	5418	0.000000
281474976710655.000000	22.449223	5419	0.000000
281474976710655.000000	22.845530	5420	0.000000
281474976710655.000000	21.774883	5421	0.000000
281474976710655.000000	24.351219	5422	0.000000
281474976710655.000000	22.420679	5423	0.000000
281474976710655.000000	23.304436	5424	0.000000
281474976710655.000000	20.576363	5425	0.000000
281474976710655.000000	22.873964	5426	0.000000
281474976710655.000000	24.092508	5427	0.000000
281474976710655.000000	22.868948	5428	0.000000
281474976710655.000000	21.982979	5429	0.000000
281474976710655.000000	20.537258	5430	0.000000
281474976710655.000000	21.420218	5431	0.000000
281474976710655.000000	24.367743	5432	0.000000
281474976710655.000000	21.769600	5433	0.000000
281474976710655.000000	24.010412	5434	0.000000
281474976710655.000000	22.831121	5435	0.000000
281474976710655.000000	22.182249	5436	0.000000
281474976710655.000000	21.408220	5437	0.000000
281474976710655.000000	21.821096	5438	0.000000
281474976710655.000000	22.965321	5439	0.000000
281474976710655.000000	23.407925	5440	0.000000
281474976710655.000000	21.965693	5441	0.000000
281474976710655.000000	22.517214	5442	0.000000
281474976710655.000000	22.546358	5443	0.000000
281474976710655.000000	21.269297	5444	0.000000
281474976710655.000000	22.000425	5445	0.000000
281474976710655.000000	22.685184	5446	0.000000
281474976710655.000000	22.203819	5447	0.000000
281474976710655.000000	22.639856	5448	0.000000
281474976710655.000000	23.632530	5449	0.000000
281474976710655.000000	22.203108	5450	0.000000
281474976710655.000000	22.082005	5451	0.000000
281474976710655.000000	22.309828	5452	0.000000
281474976710655.000000	22.590351	5453	0.000000
281474976710655.000000	22.659239	5454	0.000000
281474976710655.000000	21.807961	5455	0.000000
281474976710655.000000	20.351536	5456	0.000000
281474976710655.000000	21.281458	5457	0.000000
281474976710655.000000	21.203911	5458	0.000000
281474976710655.000000	23.914045	5459	0.000000
281474976710655.000000	23.365856	5460	0.000000
281474976710655.000000	21.562969	5461	0.000000
281474976710655.000000	21.107183	5462	0.000000
281474976710655.000000	22.072235	5463	0.000000
281474976710655.000000	21.060221	5464	0.000000
281474976710655.000000	21.674871	5465	0.000000
281474976710655.000000	20.748026	5466	0.000000
281474976710655.000000	23.658966	5467	0.000000
281474976710655.000000	21.564825	5468	0.000000
281474976710655.000000	21.108204	5469	0.000000
281474976710655.000000	21.832275	5470	0.000000
281474976710655.000000	21.912453	5471	0.000000
281474976710655.000000	21.053490	5472	0.000000
281474976710655.000000	21.074389	5473	0.000000
281474976710655.000000	20.783205	5474	0.000000
281474976710655.000000	21.345436	5475	0.000000
281474976710655.000000	20.733774	5476	0.000000
281474976710655.000000	20.397081	5477	0.000000
281474976710655.000000	21.898916	5478	0.000000
281474976710655.000000	21.672255	5479	0.000000
281474976710655.000000	21.138752	5480	0.000000
281474976710655.000000	21.605061	5481	0.000000
281474976710655.000000	20.301966	5482	0.000000
281474976710655.000000	20.064184	5483	0.000000
281474976710655.000000	21.768900	5484	0.000000
281474976710655.000000	20.745352	5485	0.000000
281474976710655.000000	22.153267	5486	0.000000
281474976710655.000000	22.331573	5487	0.000000
281474976710655.000000	21.911200	5488	0.000000
281474976710655.000000	21.562962	5489	0.000000
281474976710655.000000	21.111839	5490	0.000000
281474976710655.000000	21.516180	5491	0.000000
281474976710655.000000	20.271061	5492	0.000000
281474976710655.000000	20.092058	5493	0.000000
281474976710655.000000	21.435946	5494	0.000000
281474976710655.000000	20.482630	5495	0.000000
281474976710655.000000	21.083994	5496	0.000000
281474976710655.000000	21.544746	5497	0.000000
281474976710655.000000	20.813877	5498	0.000000
281474976710655.000000	20.186218	5499	0.000000
281474976710655.000000	19.913208	5500	0.000000
281474976710655.000000	21.499464	5501	0.000000
281474976710655.000000	19.540073	5502	0.000000
281474976710655.000000	21.528320	5503	0.000000
281474976710655.000000	20.788103	5504	0.000000
281474976710655.000000	20.503916	5505	0.000000
281474976710655.000000	20.361208	5506	0.000000
281474976710655.000000	21.805994	5507	0.000000
281474976710655.000000	20.703331	5508	0.000000
281474976710655.000000	20.958031	5509	0.000000
281474976710655.000000	20.497276	5510	0.000000
281474976710655.000000	19.868128	5511	0.000000
281474976710655.000000	21.102921	5512	0.000000
281474976710655.000000	19.862614	5513	0.000000
281474976710655.000000	19.971281	5514	0.000000
281474976710655.000000	20.731953	5515	0.000000
281474976710655.000000	20.333801	5516	0.000000
281474976710655.000000	19.905426	5517	0.000000
281474976710655.000000	20.785582	5518	0.000000
281474976710655.000000	20.318281	5519	0.000000
281474976710655.000000	19.646845	5520	0.000000
281474976710655.000000	20.163725	5521	0.000000
281474976710655.000000	18.963261	5522	0.000000
281474976710655.000000	21.448244	5523	0.000000
281474976710655.000000	19.486870	5524	0.000000
281474976710655.000000	20.119627	5525	0.000000
281474976710655.000000	20.083992	5526	0.000000
281474976710655.000000	19.414722	5527	0.000000
281474976710655.000000	19.888273	5528	0.000000
281474976710655.000000	19.822035	5529	0.000000
281474976710655.000000	20.549389	5530	0.000000
281474976710655.000000	20.222057	5531	0.000000
281474976710655.000000	19.320425	5532	0.000000
281474976710655.000000	20.136286	5533	0.000000
281474976710655.000000	19.122921	5534	0.000000
281474976710655.000000	19.736492	5535	0.000000
281474976710655.000000	18.737665	5536	0.000000
281474976710655.000000	19.777746	5537	0.000000
281474976710655.000000	19.483618	5538	0.000000
281474976710655.000000	19.933392	5539	0.000000
281474976710655.000000	18.911354	5540	0.000000
281474976710655.000000	19.881126	5541	0.000000
281474976710655.000000	19.631350	5542	0.000000
281474976710655.000000	18.896519	5543	0.000000
281474976710655.000000	19.222218	5544	0.000000
281474976710655.000000	20.807959	5545	0.000000
281474976710655.000000	19.071598	5546	0.000000
281474976710655.000000	19.812813	5547	0.000000
281474976710655.000000	19.015701	5548	0.000000
281474976710655.000000	19.114305	5549	0.000000
281474976710655.000000	19.559305	5550	0.000000
281474976710655.000000	19.601585	5551	0.000000
281474976710655.000000	18.427778	5552	0.000000
281474976710655.000000	19.060978	5553	0.000000
281474976710655.000000	18.337236	5554	0.000000
281474976710655.000000	19.060221	5555	0.000000
281474976710655.000000	18.512671	5556	0.000000
281474976710655.000000	18.879635	5557	0.000000
281474976710655.000000	18.449091	5558	0.000000
281474976710655.000000	18.695093	5559	0.000000
281474976710655.000000	18.842720	5560	0.000000
281474976710655.000000	19.199263	5561	0.000000
281474976710655.000000	18.171473	5562	0.000000
281474976710655.000000	18.617720	5563	0.000000
281474976710655.000000	18.331556	5564	0.000000
281474976710655.000000	19.949829	5565	0.000000
281474976710655.000000	18.533916	5566	0.000000
281474976710655.000000	18.672424	5567	0.000000
281474976710655.000000	18.470312	5568	0.000000
281474976710655.000000	18.429192	5569	0.000000
281474976710655.000000	19.097755	5570	0.000000
281474976710655.000000	19.007702	5571	0.000000
281474976710655.000000	18.552242	5572	0.000000
281474976710655.000000	19.213139	5573	0.000000
281474976710655.000000	17.982681	5574	0.000000
281474976710655.000000	18.840025	5575	0.000000
281474976710655.000000	18.312273	5576	0.000000
281474976710655.000000	18.702543	5577	0.000000
281474976710655.000000	18.289600	5578	0.000000
281474976710655.000000	18.300375	5579	0.000000
281474976710655.000000	18.550587	5580	0.000000
281474976710655.000000	19.301464	5581	0.000000
281474976710655.000000	18.479092	5582	0.000000
281474976710655.000000	18.350163	5583	0.000000
281474976710655.000000	17.828844	5584	0.000000
281474976710655.000000	17.951252	5585	0.000000
281474976710655.000000	17.773209	5586	0.000000
281474976710655.000000	18.016991	5587	0.000000
281474976710655.000000	17.567795	5588	0.000000
281474976710655.000000	18.444382	5589	0.000000
281474976710655.000000	18.289803	5590	0.000000
281474976710655.000000	18.340727	5591	0.000000
281474976710655.000000	17.741312	5592	0.000000
281474976710655.000000	18.564230	5593	0.000000
281474976710655.000000	17.943230	5594	0.000000
281474976710655.000000	16.970745	5595	0.000000
281474976710655.000000	17.906631	5596	0.000000
281474976710655.000000	17.947603	5597	0.000000
281474976710655.000000	17.515182	5598	0.000000
281474976710655.000000	17.550070	5599	0.000000
281474976710655.000000	16.956446	5600	0.000000
281474976710655.000000	17.768463	5601	0.000000
281474976710655.000000	17.317657	5602	0.000000
281474976710655.000000	18.302479	5603	0.000000
281474976710655.000000	17.657064	5604	0.000000
281474976710655.000000	17.683777	5605	0.000000
281474976710655.000000	17.155619	5606	0.000000
281474976710655.000000	17.908930	5607	0.000000
281474976710655.000000	17.566036	5608	0.000000
281474976710655.000000	17.655956	5609	0.000000
281474976710655.000000	17.007957	5610	0.000000
281474976710655.000000	17.559877	5611	0.000000
281474976710655.000000	17.528881	5612	0.000000
281474976710655.000000	17.853186	5613	0.000000
281474976710655.000000	16.762829	5614	0.000000
281474976710655.000000	17.652863	5615	0.000000
281474976710655.000000	17.232367	5616	0.000000
281474976710655.000000	17.252275	5617	0.000000
281474976710655.000000	16.539152	5618	0.000000
281474976710655.000000	17.213003	5619	0.000000
281474976710655.000000	17.107380	5620	0.000000
281474976710655.000000	17.252193	5621	0.000000
281474976710655.000000	16.593956	5622	0.000000
281474976710655.000000	17.859150	5623	0.000000
281474976710655.000000	16.862520	5624	0.000000
281474976710655.000000	17.413097	5625	0.000000
281474976710655.000000	16.945356	5626	0.000000
281474976710655.000000	17.601055	5627	0.000000
281474976710655.000000	16.550142	5628	0.000000
281474976710655.000000	17.381577	5629	0.000000
281474976710655.000000	16.384510	5630	0.000000
281474976710655.000000	17.401413	5631	0.000000
281474976710655.000000	16.748215	5632	0.000000
281474976710655.000000	17.432699	5633	0.000000
281474976710655.000000	16.309034	5634	0.000000
281474976710655.000000	17.294817	5635	0.000000
281474976710655.000000	16.428858	5636	0.000000
281474976710655.000000	17.274218	5637	0.000000
281474976710655.000000	16.561890	5638	0.000000
281474976710655.000000	16.944878	5639	0.000000
281474976710655.000000	16.223385	5640	0.000000
281474976710655.000000	16.477415	5641	0.000000
281474976710655.000000	16.451077	5642	0.000000
281474976710655.000000	16.819464	5643	0.000000
281474976710655.000000	16.302767	5644	0.000000
281474976710655.000000	16.842747	5645	0.000000
281474976710655.000000	16.514990	5646	0.000000
281474976710655.000000	16.602427	5647	0.000000
281474976710655.000000	16.179821	5648	0.000000
281474976710655.000000	16.478485	5649	0.000000
281474976710655.000000	16.020947	5650	0.000000
281474976710655.000000	16.304071	5651	0.000000
281474976710655.000000	15.976380	5652	0.000000
281474976710655.000000	16.188057	5653	0.000000
281474976710655.000000	16.436609	5654	0.000000
281474976710655.000000	16.265568	5655	0.000000
281474976710655.000000	15.772116	5656	0.000000
281474976710655.000000	16.495331	5657	0.000000
281474976710655.000000	15.986793	5658	0.000000
281474976710655.000000	16.826290	5659	0.000000
281474976710655.000000	15.727310	5660	0.000000
281474976710655.000000	16.563810	5661	0.000000
281474976710655.000000	15.893619	5662	0.000000
281474976710655.000000	16.471394	5663	0.000000
281474976710655.000000	15.944216	5664	0.000000
281474976710655.000000	16.051662	5665	0.000000
281474976710655.000000	15.088993	5666	0.000000
281474976710655.000000	15.928021	5667	0.000000
281474976710655.000000	15.217010	5668	0.000000
281474976710655.000000	16.744196	5669	0.000000
281474976710655.000000	15.302012	5670	0.000000
281474976710655.000000	16.782185	5671	0.000000
281474976710655.000000	15.094549	5672	0.000000
281474976710655.000000	15.890900	5673	0.000000
281474976710655.000000	14.949450	5674	0.000000
281474976710655.000000	16.242002	5675	0.000000
281474976710655.000000	14.979195	5676	0.000000
281474976710655.000000	16.194275	5677	0.000000
281474976710655.000000	14.905072	5678	0.000000
281474976710655.000000	15.861040	5679	0.000000
281474976710655.000000	15.402919	5680	0.000000
281474976710655.000000	15.967515	5681	0.000000
281474976710655.000000	15.027480	5682	0.000000
281474976710655.000000	16.059780	5683	0.000000
281474976710655.000000	15.265691	5684	0.000000
281474976710655.000000	15.806931	5685	0.000000
281474976710655.000000	15.193971	5686	0.000000
281474976710655.000000	15.811721	5687	0.000000
281474976710655.000000	14.728211	5688	0.000000
281474976710655.000000	15.981675	5689	0.000000
281474976710655.000000	14.818543	5690	0.000000
281474976710655.000000	15.834035	5691	0.000000
281474976710655.000000	14.868187	5692	0.000000
281474976710655.000000	15.182951	5693	0.000000
281474976710655.000000	14.941120	5694	0.000000
281474976710655.000000	15.224334	5695	0.000000
281474976710655.000000	14.677156	5696	0.000000
281474976710655.000000	15.147203	5697	0.000000
281474976710655.000000	15.220386	5698	0.000000
281474976710655.000000	15.047999	5699	0.000000
281474976710655.000000	14.613880	5700	0.000000
281474976710655.000000	15.406433	5701	0.000000
281474976710655.000000	14.855709	5702	0.000000
281474976710655.000000	15.375000	5703	0.000000
281474976710655.000000	14.772738	5704	0.000000
281474976710655.000000	15.172960	5705	0.000000
281474976710655.000000	14.666411	5706	0.000000
281474976710655.000000	14.735489	5707	0.000000
281474976710655.000000	14.405796	5708	0.000000
281474976710655.000000	15.008958	5709	0.000000
281474976710655.000000	14.635098	5710	0.000000
281474976710655.000000	14.958608	5711	0.000000
281474976710655.000000	14.538057	5712	0.000000
281474976710655.000000	14.503610	5713	0.000000
281474976710655.000000	14.294348	5714	0.000000
281474976710655.000000	14.966794	5715	0.000000
281474976710655.000000	13.983996	5716	0.000000
281474976710655.000000	14.491421	5717	0.000000
281474976710655.000000	13.868053	5718	0.000000
281474976710655.000000	15.048597	5719	0.000000
281474976710655.000000	14.414546	5720	0.000000
281474976710655.000000	14.773472	5721	0.000000
281474976710655.000000	13.887119	5722	0.000000
281474976710655.000000	15.228519	5723	0.000000
281474976710655.000000	14.357548	5724	0.000000
281474976710655.000000	14.850875	5725	0.000000
281474976710655.000000	14.001580	5726	0.000000
281474976710655.000000	14.988882	5727	0.000000
281474976710655.000000	13.771192	5728	0.000000
281474976710655.000000	14.574218	5729	0.000000
281474976710655.000000	14.006545	5730	0.000000
281474976710655.000000	14.748760	5731	0.000000
281474976710655.000000	13.325935	5732	0.000000
281474976710655.000000	14.471920	5733	0.000000
281474976710655.000000	13.562388	5734	0.000000
281474976710655.000000	14.654033	5735	0.000000
281474976710655.000000	13.908768	5736	0.000000
281474976710655.000000	14.635664	5737	0.000000
281474976710655.000000	13.799911	5738	0.000000
281474976710655.000000	14.485453	5739	0.000000
281474976710655.000000	13.573874	5740	0.000000
281474976710655.000000	14.203967	5741	0.000000
281474976710655.000000	13.244398	5742	0.000000
281474976710655.000000	14.370936	5743	0.000000
281474976710655.000000	13.588213	5744	0.000000
281474976710655.000000	14.037299	5745	0.000000
281474976710655.000000	13.775496	5746	0.000000
281474976710655.000000	14.465659	5747	0.000000
281474976710655.000000	13.502736	5748	0.000000
281474976710655.000000	13.900293	5749	0.000000
281474976710655.000000	13.375451	5750	0.000000
281474976710655.000000	14.263551	5751	0.000000
281474976710655.000000	13.521914	5752	0.000000
281474976710655.000000	14.004708	5753	0.000000
281474976710655.000000	13.527117	5754	0.000000
281474976710655.000000	13.554902	5755	0.000000
281474976710655.000000	13.431237	5756	0.000000
281474976710655.000000	13.444017	5757	0.000000
281474976710655.000000	13.115491	5758	0.000000
281474976710655.000000	13.683819	5759	0.000000
281474976710655.000000	13.228057	5760	0.000000
281474976710655.000000	13.627781	5761	0.000000
281474976710655.000000	13.235715	5762	0.000000
281474976710655.000000	13.528216	5763	0.000000
281474976710655.000000	13.590015	5764	0.000000
281474976710655.000000	13.655259	5765	0.000000
281474976710655.000000	12.834764	5766	0.000000
281474976710655.000000	13.409537	5767	0.000000
281474976710655.000000	13.095790	5768	0.000000
281474976710655.000000	13.850761	5769	0.000000
281474976710655.000000	12.984429	5770	0.000000
281474976710655.000000	13.193125	5771	0.000000
281474976710655.000000	12.782353	5772	0.000000
281474976710655.000000	13.468574	5773	0.000000
281474976710655.000000	12.895403	5774	0.000000
281474976710655.000000	13.548721	5775	0.000000
281474976710655.000000	12.748997	5776	0.000000
281474976710655.000000	13.301192	5777	0.000000
281474976710655.000000	12.839844	5778	0.000000
281474976710655.000000	13.781149	5779	0.000000
281474976710655.000000	12.385927	5780	0.000000
281474976710655.000000	13.536483	5781	0.000000
281474976710655.000000	12.580097	5782	0.000000
281474976710655.000000	13.476521	5783	0.000000
281474976710655.000000	12.277679	5784	0.000000
281474976710655.000000	13.544318	5785	0.000000
281474976710655.000000	12.493872	5786	0.000000
281474976710655.000000	13.238563	5787	0.000000
281474976710655.000000	12.391733	5788	0.000000
281474976710655.000000	13.152253	5789	0.000000
281474976710655.000000	12.444683	5790	0.000000
281474976710655.000000	13.443709	5791	0.000000
281474976710655.000000	12.205707	5792	0.000000
281474976710655.000000	12.859292	5793	0.000000
281474976710655.000000	12.331913	5794	0.000000
281474976710655.000000	13.118760	5795	0.000000
281474976710655.000000	12.248957	5796	0.000000
281474976710655.000000	13.025564	5797	0.000000
281474976710655.000000	11.927312	5798	0.000000
281474976710655.000000	13.139777	5799	0.000000
281474976710655.000000	11.969131	5800	0.000000
281474976710655.000000	13.265306	5801	0.000000
281474976710655.000000	12.254883	5802	0.000000
281474976710655.000000	12.658861	5803	0.000000
281474976710655.000000	12.171822	5804	0.000000
281474976710655.000000	13.058445	5805	0.000000
281474976710655.000000	12.001293	5806	0.000000
281474976710655.000000	13.061776	5807	0.000000
281474976710655.000000	12.017924	5808	0.000000
281474976710655.000000	12.523006	5809	0.000000
281474976710655.000000	12.017245	5810	0.000000
281474976710655.000000	12.684785	5811	0.000000
281474976710655.000000	11.804749	5812	0.000000
281474976710655.000000	12.454238	5813	0.000000
281474976710655.000000	11.990874	5814	0.000000
281474976710655.000000	12.456615	5815	0.000000
281474976710655.000000	12.035184	5816	0.000000
281474976710655.000000	12.426764	5817	0.000000
281474976710655.000000	11.773276	5818	0.000000
281474976710655.000000	12.190133	5819	0.000000
281474976710655.000000	11.613784	5820	0.000000
281474976710655.000000	12.009477	5821	0.000000
281474976710655.000000	11.739700	5822	0.000000
281474976710655.000000	12.262386	5823	0.000000
281474976710655.000000	11.712457	5824	0.000000
281474976710655.000000	12.154267	5825	0.000000
281474976710655.000000	11.630774	5826	0.000000
281474976710655.000000	12.307212	5827	0.000000
281474976710655.000000	11.933068	5828	0.000000
281474976710655.000000	12.096263	5829	0.000000
281474976710655.000000	11.475784	5830	0.000000
281474976710655.000000	11.974671	5831	0.000000
281474976710655.000000	11.493574	5832	0.000000
281474976710655.000000	12.176259	5833	0.000000
281474976710655.000000	11.533796	5834	0.000000
281474976710655.000000	12.064277	5835	0.000000
281474976710655.000000	11.480737	5836	0.000000
281474976710655.000000	12.010517	5837	0.000000
281474976710655.000000	11.362911	5838	0.000000
281474976710655.000000	12.202074	5839	0.000000
281474976710655.000000	11.122901	5840	0.000000
281474976710655.000000	12.079487	5841	0.000000
281474976710655.000000	11.188657	5842	0.000000
281474976710655.000000	11.963072	5843	0.000000
281474976710655.000000	11.067457	5844	0.000000
281474976710655.000000	12.128907	5845	0.000000
281474976710655.000000	11.122745	5846	0.000000
281474976710655.000000	11.904483	5847	0.000000
281474976710655.000000	11.188509	5848	0.000000
281474976710655.000000	11.774116	5849	0.000000
281474976710655.000000	11.005522	5850	0.000000
281474976710655.000000	11.833025	5851	0.000000
281474976710655.000000	10.955790	5852	0.000000
281474976710655.000000	11.657412	5853	0.000000
281474976710655.000000	10.861791	5854	0.000000
281474976710655.000000	11.660363	5855	0.000000
281474976710655.000000	11.043484	5856	0.000000
281474976710655.000000	11.750470	5857	0.000000
281474976710655.000000	10.889176	5858	0.000000
281474976710655.000000	11.587413	5859	0.000000
281474976710655.000000	10.911270	5860	0.000000
281474976710655.000000	11.610619	5861	0.000000
281474976710655.000000	10.753830	5862	0.000000
281474976710655.000000	11.569907	5863	0.000000
281474976710655.000000	10.908824	5864	0.000000
281474976710655.000000	11.351386	5865	0.000000
281474976710655.000000	10.897638	5866	0.000000
281474976710655.000000	11.204261	5867	0.000000
281474976710655.000000	10.818307	5868	0.000000
281474976710655.000000	11.266383	5869	0.000000
281474976710655.000000	10.784245	5870	0.000000
281474976710655.000000	11.136588	5871	0.000000
281474976710655.000000	10.807239	5872	0.000000
281474976710655.000000	11.113242	5873	0.000000
281474976710655.000000	10.797626	5874	0.000000
281474976710655.000000	11.124088	5875	0.000000
281474976710655.000000	10.660348	5876	0.000000
281474976710655.000000	11.114195	5877	0.000000
281474976710655.000000	10.693048	5878	0.000000
281474976710655.000000	10.883899	5879	0.000000
281474976710655.000000	10.666147	5880	0.000000
281474976710655.000000	10.736793	5881	0.000000
281474976710655.000000	10.471728	5882	0.000000
281474976710655.000000	10.871458	5883	0.000000
281474976710655.000000	10.480737	5884	0.000000
281474976710655.000000	10.882566	5885	0.000000
281474976710655.000000	10.535735	5886	0.000000
281474976710655.000000	10.866630	5887	0.000000
281474976710655.000000	10.352376	5888	0.000000
281474976710655.000000	10.819278	5889	0.000000
281474976710655.000000	10.409042	5890	0.000000
281474976710655.000000	10.791449	5891	0.000000
281474976710655.000000	10.284718	5892	0.000000
281474976710655.000000	10.874561	5893	0.000000
281474976710655.000000	10.219769	5894	0.000000
281474976710655.000000	10.872986	5895	0.000000
281474976710655.000000	10.275658	5896	0.000000
281474976710655.000000	10.822088	5897	0.000000
281474976710655.000000	10.065123	5898	0.000000
281474976710655.000000	10.774011	5899	0.000000
281474976710655.000000	10.078842	5900	0.000000
281474976710655.000000	10.652620	5901	0.000000
281474976710655.000000	10.036965	5902	0.000000
281474976710655.000000	10.698375	5903	0.000000
281474976710655.000000	10.048865	5904	0.000000
281474976710655.000000	10.661309	5905	0.000000
281474976710655.000000	9.974537	5906	0.000000
281474976710655.000000	10.567010	5907	0.000000
281474976710655.000000	9.866652	5908	0.000000
281474976710655.000000	10.708297	5909	0.000000
281474976710655.000000	9.882950	5910	0.000000
281474976710655.000000	10.648437	5911	0.000000
281474976710655.000000	9.899031	5912	0.000000
281474976710655.000000	10.435680	5913	0.000000
281474976710655.000000	9.776467	5914	0.000000
281474976710655.000000	10.455664	5915	0.000000
281474976710655.000000	9.801129	5916	0.000000
281474976710655.000000	10.439952	5917	0.000000
281474976710655.000000	9.916268	5918	0.000000
281474976710655.000000	10.397403	5919	0.000000
281474976710655.000000	9.835774	5920	0.000000
281474976710655.000000	10.233027	5921	0.000000
281474976710655.000000	9.843919	5922	0.000000
281474976710655.000000	10.209827	5923	0.000000
281474976710655.000000	9.825348	5924	0.000000
281474976710655.000000	10.123073	5925	0.000000
281474976710655.000000	9.791675	5926	0.000000
281474976710655.000000	10.093437	5927	0.000000
281474976710655.000000	9.873165	5928	0.000000
281474976710655.000000	9.962298	5929	0.000000
281474976710655.000000	9.890018	5930	0.000000
281474976710655.000000	9.887405	5931	0.000000
281474976710655.000000	9.634366	5932	0.000000
281474976710655.000000	9.834568	5933	0.000000
281474976710655.000000	9.749003	5934	0.000000
281474976710655.000000	9.914244	5935	0.000000
281474976710655.000000	9.660452	5936	0.000000
281474976710655.000000	9.876207	5937	0.000000
281474976710655.000000	9.608262	5938	0.000000
281474976710655.000000	9.818655	5939	0.000000
281474976710655.000000	9.616871	5940	0.000000
281474976710655.000000	9.708637	5941	0.000000
281474976710655.000000	9.542593	5942	0.000000
281474976710655.000000	9.723436	5943	0.000000
281474976710655.000000	9.577912	5944	0.000000
281474976710655.000000	9.716472	5945	0.000000
281474976710655.000000	9.492301	5946	0.000000
281474976710655.000000	9.804813	5947	0.000000
281474976710655.000000	9.352383	5948	0.000000
281474976710655.000000	9.765094	5949	0.000000
281474976710655.000000	9.329518	5950	0.000000
281474976710655.000000	9.737888	5951	0.000000
281474976710655.000000	9.292454	5952	0.000000
281474976710655.000000	9.647116	5953	0.000000
281474976710655.000000	9.203399	5954	0.000000
281474976710655.000000	9.688770	5955	0.000000
281474976710655.000000	9.220900	5956	0.000000
281474976710655.000000	9.632967	5957	0.000000
281474976710655.000000	9.142269	5958	0.000000
281474976710655.000000	9.623133	5959	0.000000
281474976710655.000000	9.178259	5960	0.000000
281474976710655.000000	9.445848	5961	0.000000
281474976710655.000000	9.066095	5962	0.000000
281474976710655.000000	9.511283	5963	0.000000
281474976710655.000000	9.050232	5964	0.000000
281474976710655.000000	9.450967	5965	0.000000
281474976710655.000000	9.018409	5966	0.000000
281474976710655.000000	9.434849	5967	0.000000
281474976710655.000000	8.864890	5968	0.000000
281474976710655.000000	9.460710	5969	0.000000
281474976710655.000000	8.964750	5970	0.000000
281474976710655.000000	9.364989	5971	0.000000
281474976710655.000000	8.980161	5972	0.000000
281474976710655.000000	9.299936	5973	0.000000
281474976710655.000000	8.960464	5974	0.000000
281474976710655.000000	9.373274	5975	0.000000
281474976710655.000000	8.998520	5976	0.000000
281474976710655.000000	9.171527	5977	0.000000
281474976710655.000000	8.958960	5978	0.000000
281474976710655.000000	9.116620	5979	0.000000
281474976710655.000000	8.961645	5980	0.000000
281474976710655.000000	9.106926	5981	0.000000
281474976710655.000000	8.934622	5982	0.000000
281474976710655.000000	9.062119	5983	0.000000
281474976710655.000000	8.951936	5984	0.000000
281474976710655.000000	8.987258	5985	0.000000
281474976710655.000000	8.885900	5986	0.000000
281474976710655.000000	8.885117	5987	0.000000
281474976710655.000000	8.795872	5988	0.000000
281474976710655.000000	8.931748	5989	0.000000
281474976710655.000000	8.826441	5990	0.000000
281474976710655.000000	8.833635	5991	0.000000
281474976710655.000000	8.800876	5992	0.000000
281474976710655.000000	8.797156	5993	0.000000
281474976710655.000000	8.700051	5994	0.000000
281474976710655.000000	8.782992	5995	0.000000
281474976710655.000000	8.777863	5996	0.000000
281474976710655.000000	8.698806	5997	0.000000
281474976710655.000000	8.785562	5998	0.000000
281474976710655.000000	8.771349	5999	0.000000
281474976710655.000000	8.639292	6000	0.000000
281474976710655.000000	8.708388	6001	0.000000
281474976710655.000000	8.616078	6002	0.000000
281474976710655.000000	8.687062	6003	0.000000
281474976710655.000000	8.467156	6004	0.000000
281474976710655.000000	8.750158	6005	0.000000
281474976710655.000000	8.539628	6006	0.000000
281474976710655.000000	8.714061	6007	0.000000
281474976710655.000000	8.508156	6008	0.000000
281474976710655.000000	8.748613	6009	0.000000
281474976710655.000000	8.349384	6010	0.000000
281474976710655.000000	8.717115	6011	0.000000
281474976710655.000000	8.294554	6012	0.000000
281474976710655.000000	8.622868	6013	0.000000
281474976710655.000000	8.332317	6014	0.000000
281474976710655.000000	8.705786	6015	0.000000
281474976710655.000000	8.228803	6016	0.000000
281474976710655.000000	8.650312	6017	0.000000
281474976710655.000000	8.197630	6018	0.000000
281474976710655.000000	8.565324	6019	0.000000
281474976710655.000000	8.250099	6020	0.000000
281474976710655.000000	8.574650	6021	0.000000
281474976710655.000000	8.205698	6022	0.000000
281474976710655.000000	8.642113	6023	0.000000
281474976710655.000000	8.140491	6024	0.000000
281474976710655.000000	8.469981	6025	0.000000
281474976710655.000000	8.216640	6026	0.000000
281474976710655.000000	8.495238	6027	0.000000
281474976710655.000000	8.159628	6028	0.000000
281474976710655.000000	8.385802	6029	0.000000
281474976710655.000000	8.177794	6030	0.000000
281474976710655.000000	8.370978	6031	0.000000
281474976710655.000000	8.133160	6032	0.000000
281474976710655.000000	8.299609	6033	0.000000
281474976710655.000000	8.211292	6034	0.000000
281474976710655.000000	8.341833	6035	0.000000
281474976710655.000000	8.192944	6036	0.000000
281474976710655.000000	8.265707	6037	0.000000
281474976710655.000000	8.193950	6038	0.000000
281474976710655.000000	8.192338	6039	0.000000
281474976710655.000000	8.231425	6040	0.000000
281474976710655.000000	8.215927	6041	0.000000
281474976710655.000000	8.122788	6042	0.000000
281474976710655.000000	8.055926	6043	0.000000
281474976710655.000000	8.159965	6044	0.000000
281474976710655.000000	8.035909	6045	0.000000
281474976710655.000000	8.089313	6046	0.000000
281474976710655.000000	7.912302	6047	0.000000
281474976710655.000000	8.125451	6048	0.000000
281474976710655.000000	7.986033	6049	0.000000
281474976710655.000000	8.137492	6050	0.000000
281474976710655.000000	7.962705	6051	0.000000
281474976710655.000000	8.088330	6052	0.000000
281474976710655.000000	7.911036	6053	0.000000
281474976710655.000000	8.086688	6054	0.000000
281474976710655.000000	7.964145	6055	0.000000
281474976710655.000000	7.958901	6056	0.000000
281474976710655.000000	7.913028	6057	0.000000
281474976710655.000000	7.960859	6058	0.000000
281474976710655.000000	7.975772	6059	0.000000
281474976710655.000000	7.866489	6060	0.000000
281474976710655.000000	7.935416	6061	0.000000
281474976710655.000000	7.825158	6062	0.000000
281474976710655.000000	7.866293	6063	0.000000
281474976710655.000000	7.832951	6064	0.000000
281474976710655.000000	7.870375	6065	0.000000
281474976710655.000000	7.829794	6066	0.000000
281474976710655.000000	7.815992	6067	0.000000
281474976710655.000000	7.694810	6068	0.000000
281474976710655.000000	7.889107	6069	0.000000
281474976710655.000000	7.713743	6070	0.000000
281474976710655.000000	7.768794	6071	0.000000
281474976710655.000000	7.692756	6072	0.000000
281474976710655.000000	7.804584	6073	0.000000
281474976710655.000000	7.720397	6074	0.000000
281474976710655.000000	7.760372	6075	0.000000
281474976710655.000000	7.670001	6076	0.000000
281474976710655.000000	7.718283	6077	0.000000
281474976710655.000000	7.635629	6078	0.000000
281474976710655.000000	7.746425	6079	0.000000
281474976710655.000000	7.616230	6080	0.000000
281474976710655.000000	7.706314	6081	0.000000
281474976710655.000000	7.601877	6082	0.000000
281474976710655.000000	7.707342	6083	0.000000
281474976710655.000000	7.651973	6084	0.000000
281474976710655.000000	7.711689	6085	0.000000
281474976710655.000000	7.596791	6086	0.000000
281474976710655.000000	7.609488	6087	0.000000
281474976710655.000000	7.628097	6088	0.000000
281474976710655.000000	7.590325	6089	0.000000
281474976710655.000000	7.635978	6090	0.000000
281474976710655.000000	7.572518	6091	0.000000
281474976710655.000000	7.599483	6092	0.000000
281474976710655.000000	7.457357	6093	0.000000
281474976710655.000000	7.634493	6094	0.000000
281474976710655.000000	7.451099	6095	0.000000
281474976710655.000000	7.615453	6096	0.000000
281474976710655.000000	7.455599	6097	0.000000
281474976710655.000000	7.555609	6098	0.000000
281474976710655.000000	7.362436	6099	0.000000
281474976710655.000000	7.561961	6100	0.000000
281474976710655.000000	7.332572	6101	0.000000
281474976710655.000000	7.521071	6102	0.000000
281474976710655.000000	7.349054	6103	0.000000
281474976710655.000000	7.570989	6104	0.000000
281474976710655.000000	7.272635	6105	0.000000
281474976710655.000000	7.568008	6106	0.000000
281474976710655.000000	7.320973	6107	0.000000
281474976710655.000000	7.523290	6108	0.000000
281474976710655.000000	7.276348	6109	0.000000
281474976710655.000000	7.411355	6110	0.000000
281474976710655.000000	7.251073	6111	0.000000
281474976710655.000000	7.472187	6112	0.000000
281474976710655.000000	7.268819	6113	0.000000
281474976710655.000000	7.412883	6114	0.000000
281474976710655.000000	7.290944	6115	0.000000
281474976710655.000000	7.422703	6116	0.000000
281474976710655.000000	7.252328	6117	0.000000
281474976710655.000000	7.366670	6118	0.000000
281474976710655.000000	7.234673	6119	0.000000
281474976710655.000000	7.327568	6120	0.000000
281474976710655.000000	7.278450	6121	0.000000
281474976710655.000000	7.304143	6122	0.000000
281474976710655.000000	7.206357	6123	0.000000
281474976710655.000000	7.253635	6124	0.000000
281474976710655.000000	7.180480	6125	0.000000
281474976710655.000000	7.227694	6126	0.000000
281474976710655.000000	7.182790	6127	0.000000
281474976710655.000000	7.245948	6128	0.000000
281474976710655.000000	7.215326	6129	0.000000
281474976710655.000000	7.210734	6130	0.000000
281474976710655.000000	7.182941	6131	0.000000
281474976710655.000000	7.193542	6132	0.000000
281474976710655.000000	7.160674	6133	0.000000
281474976710655.000000	7.178441	6134	0.000000
281474976710655.000000	7.110835	6135	0.000000
281474976710655.000000	7.146181	6136	0.000000
281474976710655.000000	7.124555	6137	0.000000
281474976710655.000000	7.158840	6138	0.000000
281474976710655.000000	7.073205	6139	0.000000
281474976710655.000000	7.147839	6140	0.000000
281474976710655.000000	7.081322	6141	0.000000
281474976710655.000000	7.157664	6142	0.000000
281474976710655.000000	7.113115	6143	0.000000
281474976710655.000000	7.141222	6144	0.000000
281474976710655.000000	7.023252	6145	0.000000
281474976710655.000000	7.161606	6146	0.000000
281474976710655.000000	6.980659	6147	0.000000
281474976710655.000000	7.234258	6148	0.000000
281474976710655.000000	6.949787	6149	0.000000
281474976710655.000000	7.187543	6150	0.000000
281474976710655.000000	6.939235	6151	0.000000
281474976710655.000000	7.141060	6152	0.000000
281474976710655.000000	6.923274	6153	0.000000
281474976710655.000000	7.167971	6154	0.000000
281474976710655.000000	6.838027	6155	0.000000
281474976710655.000000	7.158044	6156	0.000000
281474976710655.000000	6.781617	6157	0.000000
281474976710655.000000	7.121966	6158	0.000000
281474976710655.000000	6.786701	6159	0.000000
281474976710655.000000	7.163780	6160	0.000000
281474976710655.000000	6.819827	6161	0.000000
281474976710655.000000	7.151018	6162	0.000000
281474976710655.000000	6.788362	6163	0.000000
281474976710655.000000	7.102885	6164	0.000000
281474976710655.000000	6.750059	6165	0.000000
281474976710655.000000	7.094234	6166	0.000000
281474976710655.000000	6.787285	6167	0.000000
281474976710655.000000	7.043724	6168	0.000000
281474976710655.000000	6.729174	6169	0.000000
281474976710655.000000	7.021679	6170	0.000000
281474976710655.000000	6.717072	6171	0.000000
281474976710655.000000	7.002045	6172	0.000000
281474976710655.000000	6.711088	6173	0.000000
281474976710655.000000	6.960451	6174	0.000000
281474976710655.000000	6.741094	6175	0.000000
281474976710655.000000	6.950623	6176	0.000000
281474976710655.000000	6.752683	6177	0.000000
281474976710655.000000	6.924252	6178	0.000000
281474976710655.000000	6.748020	6179	0.000000
281474976710655.000000	6.898660	6180	0.000000
281474976710655.000000	6.759961	6181	0.000000
281474976710655.000000	6.918806	6182	0.000000
281474976710655.000000	6.720250	6183	0.000000
281474976710655.000000	6.829949	6184	0.000000
281474976710655.000000	6.665951	6185	0.000000
281474976710655.000000	6.877193	6186	0.000000
281474976710655.000000	6.630483	6187	0.000000
281474976710655.000000	6.810031	6188	0.000000
281474976710655.000000	6.652886	6189	0.000000
281474976710655.000000	6.811767	6190	0.000000
281474976710655.000000	6.659594	6191	0.000000
281474976710655.000000	6.858682	6192	0.000000
281474976710655.000000	6.648445	6193	0.000000
281474976710655.000000	6.853686	6194	0.000000
281474976710655.000000	6.616223	6195	0.000000
281474976710655.000000	6.827082	6196	0.000000
281474976710655.000000	6.620977	6197	0.000000
281474976710655.000000	6.787276	6198	0.000000
281474976710655.000000	6.584997	6199	0.000000
281474976710655.000000	6.812117	6200	0.000000
281474976710655.000000	6.547418	6201	0.000000
281474976710655.000000	6.827130	6202	0.000000
281474976710655.000000	6.548909	6203	0.000000
281474976710655.000000	6.842562	6204	0.000000
281474976710655.000000	6.480361	6205	0.000000
281474976710655.000000	6.784175	6206	0.000000
281474976710655.000000	6.449432	6207	0.000000
281474976710655.000000	6.859566	6208	0.000000
281474976710655.000000	6.439233	6209	0.000000
281474976710655.000000	6.802588	6210	0.000000
281474976710655.000000	6.486472	6211	0.000000
281474976710655.000000	6.797363	6212	0.000000
281474976710655.000000	6.445716	6213	0.000000
281474976710655.000000	6.805930	6214	0.000000
281474976710655.000000	6.394298	6215	0.000000
281474976710655.000000	6.850369	6216	0.000000
281474976710655.000000	6.408869	6217	0.000000
281474976710655.000000	6.788936	6218	0.000000
281474976710655.000000	6.449657	6219	0.000000
281474976710655.000000	6.780671	6220	0.000000
281474976710655.000000	6.399300	6221	0.000000
281474976710655.000000	6.732339	6222	0.000000
281474976710655.000000	6.317798	6223	0.000000
281474976710655.000000	6.705766	6224	0.000000
281474976710655.000000	6.425900	6225	0.000000
281474976710655.000000	6.760859	6226	0.000000
281474976710655.000000	6.353469	6227	0.000000
281474976710655.000000	6.693151	6228	0.000000
281474976710655.000000	6.351135	6229	0.000000
281474976710655.000000	6.697703	6230	0.000000
281474976710655.000000	6.360652	6231	0.000000
281474976710655.000000	6.692677	6232	0.000000
281474976710655.000000	6.371025	6233	0.000000
281474976710655.000000	6.655515	6234	0.000000
281474976710655.000000	6.333313	6235	0.000000
281474976710655.000000	6.624984	6236	0.000000
281474976710655.000000	6.270002	6237	0.000000
281474976710655.000000	6.605507	6238	0.000000
281474976710655.000000	6.318216	6239	0.000000
281474976710655.000000	6.625185	6240	0.000000
281474976710655.000000	6.292041	6241	0.000000
281474976710655.000000	6.566426	6242	0.000000
281474976710655.000000	6.289802	6243	0.000000
281474976710655.000000	6.525396	6244	0.000000
281474976710655.000000	6.271843	6245	0.000000
281474976710655.000000	6.531261	6246	0.000000
281474976710655.000000	6.201251	6247	0.000000
281474976710655.000000	6.546583	6248	0.000000
281474976710655.000000	6.221822	6249	0.000000
281474976710655.000000	6.500075	6250	0.000000
281474976710655.000000	6.205725	6251	0.000000
281474976710655.000000	6.547322	6252	0.000000
281474976710655.000000	6.239977	6253	0.000000
281474976710655.000000	6.577836	6254	0.000000
281474976710655.000000	6.229555	6255	0.000000
281474976710655.000000	6.532414	6256	0.000000
281474976710655.000000	6.230445	6257	0.000000
281474976710655.000000	6.519514	6258	0.000000
281474976710655.000000	6.195832	6259	0.000000
281474976710655.000000	6.547106	6260	0.000000
281474976710655.000000	6.153865	6261	0.000000
281474976710655.000000	6.517173	6262	0.000000
281474976710655.000000	6.161975	6263	0.000000
281474976710655.000000	6.507442	6264	0.000000
281474976710655.000000	6.140765	6265	0.000000
281474976710655.000000	6.524651	6266	0.000000
281474976710655.000000	6.122156	6267	0.000000
281474976710655.000000	6.522834	6268	0.000000
281474976710655.000000	6.113298	6269	0.000000
281474976710655.000000	6.556254	6270	0.000000
281474976710655.000000	6.075849	6271	0.000000
281474976710655.000000	6.571230	6272	0.000000
281474976710655.000000	6.056635	6273	0.000000
281474976710655.000000	6.547097	6274	0.000000
281474976710655.000000	6.060957	6275	0.000000
281474976710655.000000	6.506305	6276	0.000000
281474976710655.000000	6.064832	6277	0.000000
281474976710655.000000	6.534378	6278	0.000000
281474976710655.000000	6.098237	6279	0.000000
281474976710655.000000	6.507843	6280	0.000000
281474976710655.000000	6.082354	6281	0.000000
281474976710655.000000	6.450761	6282	0.000000
281474976710655.000000	6.016059	6283	0.000000
281474976710655.000000	6.433265	6284	0.000000
281474976710655.000000	6.047421	6285	0.000000
281474976710655.000000	6.460583	6286	0.000000
281474976710655.000000	6.082942	6287	0.000000
281474976710655.000000	6.436034	6288	0.000000
281474976710655.000000	6.022209	6289	0.000000
281474976710655.000000	6.412563	6290	0.000000
281474976710655.000000	6.016051	6291	0.000000
281474976710655.000000	6.390674	6292	0.000000
281474976710655.000000	6.044908	6293	0.000000
281474976710655.000000	6.387829	6294	0.000000
281474976710655.000000	6.043990	6295	0.000000
281474976710655.000000	6.405384	6296	0.000000
281474976710655.000000	5.984954	6297	0.000000
281474976710655.000000	6.340868	6298	0.000000
281474976710655.000000	6.039166	6299	0.000000
281474976710655.000000	6.347407	6300	0.000000
281474976710655.000000	5.997828	6301	0.000000
281474976710655.000000	6.326859	6302	0.000000
281474976710655.000000	5.984094	6303	0.000000
281474976710655.000000	6.314012	6304	0.000000
281474976710655.000000	5.971656	6305	0.000000
281474976710655.000000	6.303546	6306	0.000000
281474976710655.000000	5.951388	6307	0.000000
281474976710655.000000	6.355710	6308	0.000000
281474976710655.000000	5.966909	6309	0.000000
281474976710655.000000	6.333354	6310	0.000000
281474976710655.000000	5.943817	6311	0.000000
281474976710655.000000	6.392272	6312	0.000000
281474976710655.000000	5.967575	6313	0.000000
281474976710655.000000	6.340374	6314	0.000000
281474976710655.000000	5.902990	6315	0.000000
281474976710655.000000	6.328329	6316	0.000000
281474976710655.000000	5.939914	6317	0.000000
281474976710655.000000	6.304574	6318	0.000000
281474976710655.000000	5.968556	6319	0.000000
281474976710655.000000	6.337812	6320	0.000000
281474976710655.000000	5.911373	6321	0.000000
281474976710655.000000	6.328473	6322	0.000000
281474976710655.000000	5.911344	6323	0.000000
281474976710655.000000	6.319783	6324	0.000000
281474976710655.000000	5.900296	6325	0.000000
281474976710655.000000	6.340772	6326	0.000000
281474976710655.000000	5.873119	6327	0.000000
281474976710655.000000	6.338139	6328	0.000000
281474976710655.000000	5.897798	6329	0.000000
281474976710655.000000	6.308441	6330	0.000000
281474976710655.000000	5.896639	6331	0.000000
281474976710655.000000	6.289499	6332	0.000000
281474976710655.000000	5.863019	6333	0.000000
281474976710655.000000	6.296385	6334	0.000000
281474976710655.000000	5.854439	6335	0.000000
281474976710655.000000	6.260804	6336	0.000000
281474976710655.000000	5.862655	6337	0.000000
281474976710655.000000	6.337878	6338	0.000000
281474976710655.000000	5.853022	6339	0.000000
281474976710655.000000	6.249015	6340	0.000000
281474976710655.000000	5.835578	6341	0.000000
281474976710655.000000	6.232573	6342	0.000000
281474976710655.000000	5.839493	6343	0.000000
281474976710655.000000	6.267679	6344	0.000000
281474976710655.000000	5.858390	6345	0.000000
281474976710655.000000	6.295089	6346	0.000000
281474976710655.000000	5.862439	6347	0.000000
281474976710655.000000	6.231150	6348	0.000000
281474976710655.000000	5.857806	6349	0.000000
281474976710655.000000	6.189722	6350	0.000000
281474976710655.000000	5.823824	6351	0.000000
281474976710655.000000	6.239564	6352	0.000000
281474976710655.000000	5.830121	6353	0.000000
281474976710655.000000	6.177710	6354	0.000000
281474976710655.000000	5.822534	6355	0.000000
281474976710655.000000	6.174450	6356	0.000000
281474976710655.000000	5.823292	6357	0.000000
281474976710655.000000	6.177798	6358	0.000000
281474976710655.000000	5.774425	6359	0.000000
281474976710655.000000	6.193154	6360	0.000000
281474976710655.000000	5.829308	6361	0.000000
281474976710655.000000	6.219363	6362	0.000000
281474976710655.000000	5.818684	6363	0.000000
281474976710655.000000	6.147465	6364	0.000000
281474976710655.000000	5.780234	6365	0.000000
281474976710655.000000	6.165539	6366	0.000000
281474976710655.000000	5.810727	6367	0.000000
281474976710655.000000	6.167432	6368	0.000000
281474976710655.000000	5.759651	6369	0.000000
281474976710655.000000	6.166731	6370	0.000000
281474976710655.000000	5.778028	6371	0.000000
281474976710655.000000	6.148851	6372	0.000000
281474976710655.000000	5.797706	6373	0.000000
281474976710655.000000	6.166866	6374	0.000000
281474976710655.000000	5.776318	6375	0.000000
281474976710655.000000	6.174006	6376	0.000000
281474976710655.000000	5.788857	6377	0.000000
281474976710655.000000	6.153028	6378	0.000000
281474976710655.000000	5.767735	6379	0.000000
281474976710655.000000	6.165317	6380	0.000000
281474976710655.000000	5.751276	6381	0.000000
281474976710655.000000	6.136878	6382	0.000000
281474976710655.000000	5.729033	6383	0.000000
281474976710655.000000	6.148503	6384	0.000000
281474976710655.000000	5.730033	6385	0.000000
281474976710655.000000	6.147277	6386	0.000000
281474976710655.000000	5.728002	6387	0.000000
281474976710655.000000	6.126162	6388	0.000000
281474976710655.000000	5.748834	6389	0.000000
281474976710655.000000	6.136041	6390	0.000000
281474976710655.000000	5.708657	6391	0.000000
281474976710655.000000	6.135626	6392	0.000000
281474976710655.000000	5.704257	6393	0.000000
281474976710655.000000	6.128889	6394	0.000000
281474976710655.000000	5.725068	6395	0.000000
281474976710655.000000	6.127910	6396	0.000000
281474976710655.000000	5.730355	6397	0.000000
281474976710655.000000	6.092104	6398	0.000000
281474976710655.000000	5.721169	6399	0.000000
281474976710655.000000	6.104717	6400	0.000000
281474976710655.000000	5.716537	6401	0.000000
281474976710655.000000	6.065337	6402	0.000000
281474976710655.000000	5.727109	6403	0.000000
281474976710655.000000	6.082260	6404	0.000000
281474976710655.000000	5.702386	6405	0.000000
281474976710655.000000	6.054377	6406	0.000000
281474976710655.000000	5.681773	6407	0.000000
281474976710655.000000	6.041844	6408	0.000000
281474976710655.000000	5.676437	6409	0.000000
281474976710655.000000	6.053431	6410	0.000000
281474976710655.000000	5.711259	6411	0.000000
281474976710655.000000	6.035884	6412	0.000000
281474976710655.000000	5.693835	6413	0.000000
281474976710655.000000	6.058957	6414	0.000000
281474976710655.000000	5.640201	6415	0.000000
281474976710655.000000	6.039113	6416	0.000000
281474976710655.000000	5.663260	6417	0.000000
281474976710655.000000	6.053817	6418	0.000000
281474976710655.000000	5.674798	6419	0.000000
281474976710655.000000	6.030427	6420	0.000000
281474976710655.000000	5.634818	6421	0.000000
281474976710655.000000	5.995256	6422	0.000000
281474976710655.000000	5.683308	6423	0.000000
281474976710655.000000	6.005319	6424	0.000000
281474976710655.000000	5.639184	6425	0.000000
281474976710655.000000	6.012173	6426	0.000000
281474976710655.000000	5.636266	6427	0.000000
281474976710655.000000	5.980683	6428	0.000000
281474976710655.000000	5.632035	6429	0.000000
281474976710655.000000	5.993793	6430	0.000000
281474976710655.000000	5.646126	6431	0.000000
281474976710655.000000	6.008095	6432	0.000000
281474976710655.000000	5.645987	6433	0.000000
281474976710655.000000	6.029029	6434	0.000000
281474976710655.000000	5.630912	6435	0.000000
281474976710655.000000	5.985630	6436	0.000000
281474976710655.000000	5.620603	6437	0.000000
281474976710655.000000	6.020300	6438	0.000000
281474976710655.000000	5.641324	6439	0.000000
281474976710655.000000	5.959888	6440	0.000000
281474976710655.000000	5.600773	6441	0.000000
281474976710655.000000	5.988817	6442	0.000000
281474976710655.000000	5.606723	6443	0.000000
281474976710655.000000	5.963693	6444	0.000000
281474976710655.000000	5.622352	6445	0.000000
281474976710655.000000	6.009048	6446	0.000000
281474976710655.000000	5.595047	6447	0.000000
281474976710655.000000	6.015531	6448	0.000000
281474976710655.000000	5.613113	6449	0.000000
281474976710655.000000	5.961239	6450	0.000000
281474976710655.000000	5.624687	6451	0.000000
281474976710655.000000	5.948545	6452	0.000000
281474976710655.000000	5.593841	6453	0.000000
281474976710655.000000	5.948867	6454	0.000000
281474976710655.000000	5.610345	6455	0.000000
281474976710655.000000	5.946884	6456	0.000000
281474976710655.000000	5.575759	6457	0.000000
281474976710655.000000	5.912236	6458	0.000000
281474976710655.000000	5.625127	6459	0.000000
281474976710655.000000	5.927132	6460	0.000000
281474976710655.000000	5.560374	6461	0.000000
281474976710655.000000	5.882055	6462	0.000000
281474976710655.000000	5.559870	6463	0.000000
281474976710655.000000	5.891286	6464	0.000000
281474976710655.000000	5.580793	6465	0.000000
281474976710655.000000	5.862636	6466	0.000000
281474976710655.000000	5.547892	6467	0.000000
281474976710655.000000	5.888534	6468	0.000000
281474976710655.000000	5.572476	6469	0.000000
281474976710655.000000	5.846575	6470	0.000000
281474976710655.000000	5.546690	6471	0.000000
281474976710655.000000	5.846270	6472	0.000000
281474976710655.000000	5.509049	6473	0.000000
281474976710655.000000	5.853932	6474	0.000000
281474976710655.000000	5.528481	6475	0.000000
281474976710655.000000	5.840286	6476	0.000000
281474976710655.000000	5.514228	6477	0.000000
281474976710655.000000	5.830111	6478	0.000000
281474976710655.000000	5.517998	6479	0.000000
281474976710655.000000	5.813032	6480	0.000000
281474976710655.000000	5.487673	6481	0.000000
281474976710655.000000	5.845514	6482	0.000000
281474976710655.000000	5.513489	6483	0.000000
281474976710655.000000	5.811526	6484	0.000000
281474976710655.000000	5.498978	6485	0.000000
281474976710655.000000	5.828759	6486	0.000000
281474976710655.000000	5.522592	6487	0.000000
281474976710655.000000	5.800044	6488	0.000000
281474976710655.000000	5.534114	6489	0.000000
281474976710655.000000	5.787714	6490	0.000000
281474976710655.000000	5.493074	6491	0.000000
281474976710655.000000	5.813012	6492	0.000000
281474976710655.000000	5.519241	6493	0.000000
281474976710655.000000	5.824202	6494	0.000000
281474976710655.000000	5.486600	6495	0.000000
281474976710655.000000	5.789551	6496	0.000000
281474976710655.000000	5.502267	6497	0.000000
281474976710655.000000	5.791600	6498	0.000000
281474976710655.000000	5.465299	6499	0.000000
281474976710655.000000	5.778416	6500	0.000000
281474976710655.000000	5.478878	6501	0.000000
281474976710655.000000	5.780856	6502	0.000000
281474976710655.000000	5.471899	6503	0.000000
281474976710655.000000	5.785335	6504	0.000000
281474976710655.000000	5.477695	6505	0.000000
281474976710655.000000	5.767516	6506	0.000000
281474976710655.000000	5.447847	6507	0.000000
281474976710655.000000	5.751371	6508	0.000000
281474976710655.000000	5.458328	6509	0.000000
281474976710655.000000	5.727757	6510	0.000000
281474976710655.000000	5.429732	6511	0.000000
281474976710655.000000	5.727505	6512	0.000000
281474976710655.000000	5.427969	6513	0.000000
281474976710655.000000	5.710043	6514	0.000000
281474976710655.000000	5.441726	6515	0.000000
281474976710655.000000	5.731091	6516	0.000000
281474976710655.000000	5.465719	6517	0.000000
281474976710655.000000	5.692724	6518	0.000000
281474976710655.000000	5.410346	6519	0.000000
281474976710655.000000	5.675811	6520	0.000000
281474976710655.000000	5.413248	6521	0.000000
281474976710655.000000	5.668857	6522	0.000000
281474976710655.000000	5.395720	6523	0.000000
281474976710655.000000	5.677238	6524	0.000000
281474976710655.000000	5.410570	6525	0.000000
281474976710655.000000	5.635808	6526	0.000000
281474976710655.000000	5.412914	6527	0.000000
281474976710655.000000	5.638181	6528	0.000000
281474976710655.000000	5.422265	6529	0.000000
281474976710655.000000	5.630271	6530	0.000000
281474976710655.000000	5.384822	6531	0.000000
281474976710655.000000	5.621084	6532	0.000000
281474976710655.000000	5.347852	6533	0.000000
281474976710655.000000	5.615649	6534	0.000000
281474976710655.000000	5.371228	6535	0.000000
281474976710655.000000	5.619213	6536	0.000000
281474976710655.000000	5.368156	6537	0.000000
281474976710655.000000	5.625933	6538	0.000000
281474976710655.000000	5.360672	6539	0.000000
281474976710655.000000	5.614510	6540	0.000000
281474976710655.000000	5.321687	6541	0.000000
281474976710655.000000	5.595093	6542	0.000000
281474976710655.000000	5.376660	6543	0.000000
281474976710655.000000	5.602112	6544	0.000000
281474976710655.000000	5.327308	6545	0.000000
281474976710655.000000	5.583045	6546	0.000000
281474976710655.000000	5.345568	6547	0.000000
281474976710655.000000	5.569346	6548	0.000000
281474976710655.000000	5.337944	6549	0.000000
281474976710655.000000	5.570710	6550	0.000000
281474976710655.000000	5.371331	6551	0.000000
281474976710655.000000	5.578520	6552	0.000000
281474976710655.000000	5.323302	6553	0.000000
281474976710655.000000	5.556929	6554	0.000000
281474976710655.000000	5.333519	6555	0.000000
281474976710655.000000	5.555646	6556	0.000000
281474976710655.000000	5.308185	6557	0.000000
281474976710655.000000	5.527371	6558	0.000000
281474976710655.000000	5.274299	6559	0.000000
281474976710655.000000	5.535281	6560	0.000000
281474976710655.000000	5.283522	6561	0.000000
281474976710655.000000	5.525758	6562	0.000000
281474976710655.000000	5.290021	6563	0.000000
281474976710655.000000	5.495529	6564	0.000000
281474976710655.000000	5.284135	6565	0.000000
281474976710655.000000	5.506072	6566	0.000000
281474976710655.000000	5.283523	6567	0.000000
281474976710655.000000	5.468044	6568	0.000000
281474976710655.000000	5.254222	6569	0.000000
281474976710655.000000	5.493457	6570	0.000000
281474976710655.000000	5.276614	6571	0.000000
281474976710655.000000	5.474288	6572	0.000000
281474976710655.000000	5.229001	6573	0.000000
281474976710655.000000	5.442466	6574	0.000000
281474976710655.000000	5.226268	6575	0.000000
281474976710655.000000	5.463500	6576	0.000000
281474976710655.000000	5.242222	6577	0.000000
281474976710655.000000	5.414618	6578	0.000000
281474976710655.000000	5.217838	6579	0.000000
281474976710655.000000	5.400148	6580	0.000000
281474976710655.000000	5.229682	6581	0.000000
281474976710655.000000	5.420522	6582	0.000000
281474976710655.000000	5.194100	6583	0.000000
281474976710655.000000	5.386393	6584	0.000000
281474976710655.000000	5.176873	6585	0.000000
281474976710655.000000	5.379167	6586	0.000000
281474976710655.000000	5.204944	6587	0.000000
281474976710655.000000	5.409370	6588	0.000000
281474976710655.000000	5.198279	6589	0.000000
281474976710655.000000	5.341821	6590	0.000000
281474976710655.000000	5.185949	6591	0.000000
281474976710655.000000	5.357110	6592	0.000000
281474976710655.000000	5.188595	6593	0.000000
281474976710655.000000	5.389885	6594	0.000000
281474976710655.000000	5.180248	6595	0.000000
281474976710655.000000	5.357558	6596	0.000000
281474976710655.000000	5.127663	6597	0.000000
281474976710655.000000	5.352159	6598	0.000000
281474976710655.000000	5.154547	6599	0.000000
281474976710655.000000	5.338327	6600	0.000000
281474976710655.000000	5.173011	6601	0.000000
281474976710655.000000	5.357627	6602	0.000000
281474976710655.000000	5.139370	6603	0.000000
281474976710655.000000	5.331586	6604	0.000000
281474976710655.000000	5.154838	6605	0.000000
281474976710655.000000	5.321597	6606	0.000000
281474976710655.000000	5.151699	6607	0.000000
281474976710655.000000	5.324793	6608	0.000000
281474976710655.000000	5.131121	6609	0.000000
281474976710655.000000	5.272962	6610	0.000000
281474976710655.000000	5.142468	6611	0.000000
281474976710655.000000	5.280112	6612	0.000000
281474976710655.000000	5.107709	6613	0.000000
281474976710655.000000	5.284960	6614	0.000000
281474976710655.000000	5.111832	6615	0.000000
281474976710655.000000	5.282562	6616	0.000000
281474976710655.000000	5.132038	6617	0.000000
281474976710655.000000	5.258421	6618	0.000000
281474976710655.000000	5.069967	6619	0.000000
281474976710655.000000	5.246409	6620	0.000000
281474976710655.000000	5.089635	6621	0.000000
281474976710655.000000	5.244645	6622	0.000000
281474976710655.000000	5.098738	6623	0.000000
281474976710655.000000	5.237776	6624	0.000000
281474976710655.000000	5.074743	6625	0.000000
281474976710655.000000	5.191332	6626	0.000000
281474976710655.000000	5.074324	6627	0.000000
281474976710655.000000	5.211079	6628	0.000000
281474976710655.000000	5.064316	6629	0.000000
281474976710655.000000	5.203078	6630	0.000000
281474976710655.000000	5.053851	6631	0.000000
281474976710655.000000	5.173574	6632	0.000000
281474976710655.000000	5.035025	6633	0.000000
281474976710655.000000	5.136035	6634	0.000000
281474976710655.000000	5.024381	6635	0.000000
281474976710655.000000	5.166584	6636	0.000000
281474976710655.000000	5.017238	6637	0.000000
281474976710655.000000	5.147541	6638	0.000000
281474976710655.000000	5.006453	6639	0.000000
281474976710655.000000	5.117619	6640	0.000000
281474976710655.000000	4.966619	6641	0.000000
281474976710655.000000	5.087190	6642	0.000000
281474976710655.000000	4.974758	6643	0.000000
281474976710655.000000	5.103878	6644	0.000000
281474976710655.000000	4.977224	6645	0.000000
281474976710655.000000	5.111757	6646	0.000000
281474976710655.000000	4.961273	6647	0.000000
281474976710655.000000	5.073990	6648	0.000000
281474976710655.000000	4.965809	6649	0.000000
281474976710655.000000	5.093204	6650	0.000000
281474976710655.000000	4.952794	6651	0.000000
281474976710655.000000	5.050653	6652	0.000000
281474976710655.000000	4.936322	6653	0.000000
281474976710655.000000	5.061653	6654	0.000000
281474976710655.000000	4.931854	6655	0.000000
281474976710655.000000	5.067938	6656	0.000000
281474976710655.000000	4.919484	6657	0.000000
281474976710655.000000	5.039847	6658	0.000000
281474976710655.000000	4.932092	6659	0.000000
281474976710655.000000	5.038623	6660	0.000000
281474976710655.000000	4.908603	6661	0.000000
281474976710655.000000	4.985618	6662	0.000000
281474976710655.000000	4.924701	6663	0.000000
281474976710655.000000	5.032314	6664	0.000000
281474976710655.000000	4.914083	6665	0.000000
281474976710655.000000	5.005501	6666	0.000000
281474976710655.000000	4.892003	6667	0.000000
281474976710655.000000	4.998971	6668	0.000000
281474976710655.000000	4.896615	6669	0.000000
281474976710655.000000	4.994515	6670	0.000000
281474976710655.000000	4.873812	6671	0.000000
281474976710655.000000	4.979192	6672	0.000000
281474976710655.000000	4.882549	6673	0.000000
281474976710655.000000	4.947649	6674	0.000000
281474976710655.000000	4.866355	6675	0.000000
281474976710655.000000	4.947923	6676	0.000000
281474976710655.000000	4.841546	6677	0.000000
281474976710655.000000	4.936612	6678	0.000000
281474976710655.000000	4.849808	6679	0.000000
281474976710655.000000	4.931919	6680	0.000000
281474976710655.000000	4.813650	6681	0.000000
281474976710655.000000	4.920015	6682	0.000000
281474976710655.000000	4.843441	6683	0.000000
281474976710655.000000	4.893577	6684	0.000000
281474976710655.000000	4.816346	6685	0.000000
281474976710655.000000	4.893885	6686	0.000000
281474976710655.000000	4.797008	6687	0.000000
281474976710655.000000	4.863787	6688	0.000000
281474976710655.000000	4.805579	6689	0.000000
281474976710655.000000	4.872133	6690	0.000000
281474976710655.000000	4.758374	6691	0.000000
281474976710655.000000	4.852037	6692	0.000000
281474976710655.000000	4.780044	6693	0.000000
281474976710655.000000	4.822871	6694	0.000000
281474976710655.000000	4.752794	6695	0.000000
281474976710655.000000	4.847965	6696	0.000000
281474976710655.000000	4.731965	6697	0.000000
281474976710655.000000	4.816394	6698	0.000000
281474976710655.000000	4.729499	6699	0.000000
281474976710655.000000	4.821663	6700	0.000000
281474976710655.000000	4.729910	6701	0.000000
281474976710655.000000	4.816990	6702	0.000000
281474976710655.000000	4.734916	6703	0.000000
281474976710655.000000	4.788889	6704	0.000000
281474976710655.000000	4.709985	6705	0.000000
281474976710655.000000	4.787432	6706	0.000000
281474976710655.000000	4.695212	6707	0.000000
281474976710655.000000	4.764283	6708	0.000000
281474976710655.000000	4.715116	6709	0.000000
281474976710655.000000	4.756259	6710	0.000000
281474976710655.000000	4.705526	6711	0.000000
281474976710655.000000	4.773790	6712	0.000000
281474976710655.000000	4.664815	6713	0.000000
281474976710655.000000	4.742605	6714	0.000000
281474976710655.000000	4.673780	6715	0.000000
281474976710655.000000	4.733750	6716	0.000000
281474976710655.000000	4.647629	6717	0.000000
281474976710655.000000	4.714005	6718	0.000000
281474976710655.000000	4.655848	6719	0.000000
281474976710655.000000	4.701130	6720	0.000000
281474976710655.000000	4.650378	6721	0.000000
281474976710655.000000	4.705696	6722	0.000000
281474976710655.000000	4.649436	6723	0.000000
281474976710655.000000	4.700326	6724	0.000000
281474976710655.000000	4.646600	6725	0.000000
281474976710655.000000	4.679037	6726	0.000000
281474976710655.000000	4.601335	6727	0.000000
281474976710655.000000	4.658311	6728	0.000000
281474976710655.000000	4.626070	6729	0.000000
281474976710655.000000	4.640683	6730	0.000000
281474976710655.000000	4.595945	6731	0.000000
281474976710655.000000	4.626703	6732	0.000000
281474976710655.000000	4.603922	6733	0.000000
281474976710655.000000	4.631768	6734	0.000000
281474976710655.000000	4.603005	6735	0.000000
281474976710655.000000	4.619792	6736	0.000000
281474976710655.000000	4.555058	6737	0.000000
281474976710655.000000	4.600967	6738	0.000000
281474976710655.000000	4.565456	6739	0.000000
281474976710655.000000	4.596440	6740	0.000000
281474976710655.000000	4.535551	6741	0.000000
281474976710655.000000	4.567319	6742	0.000000
281474976710655.000000	4.534898	6743	0.000000
281474976710655.000000	4.564010	6744	0.000000
281474976710655.000000	4.531475	6745	0.000000
281474976710655.000000	4.555001	6746	0.000000
281474976710655.000000	4.505058	6747	0.000000
281474976710655.000000	4.537819	6748	0.000000
281474976710655.000000	4.508179	6749	0.000000
281474976710655.000000	4.508411	6750	0.000000
281474976710655.000000	4.511106	6751	0.000000
281474976710655.000000	4.521410	6752	0.000000
281474976710655.000000	4.498979	6753	0.000000
281474976710655.000000	4.497755	6754	0.000000
281474976710655.000000	4.490937	6755	0.000000
281474976710655.000000	4.498531	6756	0.000000
281474976710655.000000	4.462169	6757	0.000000
281474976710655.000000	4.464695	6758	0.000000
281474976710655.000000	4.458546	6759	0.000000
281474976710655.000000	4.470940	6760	0.000000
281474976710655.000000	4.438102	6761	0.000000
281474976710655.000000	4.467787	6762	0.000000
281474976710655.000000	4.422966	6763	0.000000
281474976710655.000000	4.456460	6764	0.000000
281474976710655.000000	4.412174	6765	0.000000
281474976710655.000000	4.444637	6766	0.000000
281474976710655.000000	4.422512	6767	0.000000
281474976710655.000000	4.438253	6768	0.000000
281474976710655.000000	4.412455	6769	0.000000
281474976710655.000000	4.438665	6770	0.000000
281474976710655.000000	4.406227	6771	0.000000
281474976710655.000000	4.417588	6772	0.000000
281474976710655.000000	4.373511	6773	0.000000
281474976710655.000000	4.392880	6774	0.000000
281474976710655.000000	4.392748	6775	0.000000
281474976710655.000000	4.368996	6776	0.000000
281474976710655.000000	4.385039	6777	0.000000
281474976710655.000000	4.379782	6778	0.000000
281474976710655.000000	4.364192	6779	0.000000
281474976710655.000000	4.355068	6780	0.000000
281474976710655.000000	4.350743	6781	0.000000
281474976710655.000000	4.364593	6782	0.000000
281474976710655.000000	4.348327	6783	0.000000
281474976710655.000000	4.331486	6784	0.000000
281474976710655.000000	4.331585	6785	0.000000
281474976710655.000000	4.318501	6786	0.000000
281474976710655.000000	4.308966	6787	0.000000
281474976710655.000000	4.309653	6788	0.000000
281474976710655.000000	4.310512	6789	0.000000
281474976710655.000000	4.300162	6790	0.000000
281474976710655.000000	4.281409	6791	0.000000
281474976710655.000000	4.285922	6792	0.000000
281474976710655.000000	4.277482	6793	0.000000
281474976710655.000000	4.274807	6794	0.000000
281474976710655.000000	4.273947	6795	0.000000
281474976710655.000000	4.260160	6796	0.000000
281474976710655.000000	4.256986	6797	0.000000
281474976710655.000000	4.255107	6798	0.000000
281474976710655.000000	4.241397	6799	0.000000
281474976710655.000000	4.224935	6800	0.000000
281474976710655.000000	4.235379	6801	0.000000
281474976710655.000000	4.233751	6802	0.000000
281474976710655.000000	4.220198	6803	0.000000
281474976710655.000000	4.211456	6804	0.000000
281474976710655.000000	4.191724	6805	0.000000
281474976710655.000000	4.195169	6806	0.000000
281474976710655.000000	4.194825	6807	0.000000
281474976710655.000000	4.199296	6808	0.000000
281474976710655.000000	4.189321	6809	0.000000
281474976710655.000000	4.175827	6810	0.000000
281474976710655.000000	4.174709	6811	0.000000
281474976710655.000000	4.160398	6812	0.000000
281474976710655.000000	4.185214	6813	0.000000
281474976710655.000000	4.149674	6814	0.000000
281474976710655.000000	4.180626	6815	0.000000
281474976710655.000000	4.137174	6816	0.000000
281474976710655.000000	4.158629	6817	0.000000
281474976710655.000000	4.138779	6818	0.000000
281474976710655.000000	4.144383	6819	0.000000
281474976710655.000000	4.123356	6820	0.000000
281474976710655.000000	4.144763	6821	0.000000
281474976710655.000000	4.117776	6822	0.000000
281474976710655.000000	4.118435	6823	0.000000
281474976710655.000000	4.103566	6824	0.000000
281474976710655.000000	4.123161	6825	0.000000
281474976710655.000000	4.089240	6826	0.000000
281474976710655.000000	4.100586	6827	0.000000
281474976710655.000000	4.082528	6828	0.000000
281474976710655.000000	4.097166	6829	0.000000
281474976710655.000000	4.072771	6830	0.000000
281474976710655.000000	4.094618	6831	0.000000
