num crossings	time (s)	maj axis (mm)	min axis (mm)	theta (rad )	slope (V/s)
5403	6643.435965	112.853921	-6.385858	1.493973	23.287757
5405	6645.498812	111.510095	-5.708562	1.504329	23.576856
5407	6647.561456	111.891165	-5.453853	1.516175	23.189946
5409	6649.624128	112.985884	-6.655319	1.506207	23.307120
5411	6651.686677	115.226641	-5.762624	1.524350	23.637874
5413	6653.749485	111.715833	-5.820926	1.490655	23.134433
5415	6655.812286	114.313199	-4.895803	1.516330	22.929133
5417	6657.875945	112.017706	-6.038861	1.509669	23.133476
5419	6659.939512	113.475471	-6.160297	1.521721	23.175841
5421	6662.003341	112.786578	-6.549814	1.508744	22.446347
5423	6664.067297	106.883305	-1.369542	1.492045	22.853959
5425	6666.131152	111.956700	-6.392332	1.504054	22.694269
5427	6668.194676	104.821548	-1.398343	1.480889	21.582303
5429	6670.258008	112.509061	-4.882310	1.523872	22.511194
5431	6672.321068	111.870656	-4.113318	1.511462	22.271487
5433	6674.383760	111.253959	-6.088459	1.501140	22.214162
5435	6676.446400	112.414245	-3.255680	1.502061	22.333098
5437	6678.508902	111.879880	-4.019221	1.515055	21.941771
5439	6680.571488	105.603361	-0.502929	1.491406	22.744279
5441	6682.634003	110.664178	-5.482687	1.450787	22.037539
5443	6684.697023	112.044876	-4.792663	1.523217	22.141154
5445	6686.760285	109.680831	-1.931336	1.501904	22.428036
5447	6688.823788	111.919369	-3.666576	1.513466	22.056208
5449	6690.887439	109.458393	-3.473867	1.505645	22.041422
5451	6692.951256	111.696916	-4.006615	1.518923	21.809661
5453	6695.014960	110.797674	-4.113014	1.503013	21.061791
5455	6697.078724	111.327147	-4.072729	1.495628	22.030670
5457	6699.142052	109.947490	-4.031239	1.474974	21.368890
5459	6701.205594	103.564888	0.445688	1.510336	21.987138
5461	6703.268660	104.748332	0.885437	1.526882	22.195754
5463	6705.331957	108.633860	2.557454	1.522647	21.581137
5465	6707.395047	112.485806	4.520891	1.523464	21.084781
5467	6709.458205	107.614659	4.054833	1.539387	21.672538
5469	6711.521055	109.388630	4.206222	1.512916	21.484948
5471	6713.583764	110.229189	4.088658	1.531310	21.194337
5473	6715.646451	110.203141	4.292354	1.528475	21.634149
5475	6717.709253	109.230988	5.872125	1.543860	20.910813
5477	6719.771783	110.240871	4.574937	1.525310	21.256903
5479	6721.834604	110.155581	6.324090	1.537049	21.166977
5481	6723.897314	104.618586	0.963481	1.491071	21.302960
5483	6725.960466	108.407918	-2.390539	1.525990	21.075823
5485	6728.023814	106.347432	-1.755868	1.506679	21.021405
5487	6730.087426	108.374933	-1.971643	1.528618	21.177753
5489	6732.151074	107.660579	0.127338	1.499179	20.263541
5491	6734.214637	108.746258	-2.272596	1.529980	20.656188
5493	6736.278501	108.952331	-1.584626	1.515785	20.860457
5495	6738.341591	108.793657	-1.313619	1.520535	20.535416
5497	6740.404773	107.796755	-1.428430	1.523679	20.490953
5499	6742.467582	110.226825	-1.974542	1.531933	20.447737
5501	6744.530378	107.071404	-2.164124	1.510091	19.524883
5503	6746.592872	104.596232	0.391607	1.506192	20.563740
5505	6748.655278	101.810623	2.394976	1.501576	20.194640
5507	6750.717871	102.581464	2.295370	1.494522	19.921534
5509	6752.780407	106.111176	-1.517290	1.494311	20.246514
5511	6754.843618	108.546494	-2.050746	1.535609	20.155870
5513	6756.906666	106.265309	-0.979019	1.534141	20.285352
5515	6758.970164	108.132300	-2.078857	1.533805	20.386131
5517	6761.033449	106.490032	-0.919726	1.527756	20.013038
5519	6763.096852	105.818708	-1.762646	1.521646	20.253305
5521	6765.160206	105.277457	-1.531836	1.513934	20.117394
5523	6767.223705	105.741077	-1.793796	1.517503	19.808894
5525	6769.286896	105.070381	-0.011819	1.524088	19.398568
5527	6771.350217	103.751812	2.489643	1.500392	19.364625
5529	6773.413258	101.901165	2.936668	1.510942	19.692222
5531	6775.476133	105.972517	-1.644141	1.481970	19.760367
5533	6777.538943	104.972899	0.878366	1.528182	19.876871
5535	6779.601961	103.925389	1.385078	1.519516	19.649612
5537	6781.664668	104.318511	0.911382	1.526498	19.438099
5539	6783.727216	104.086361	1.312726	1.526601	19.245703
5541	6785.789968	102.515980	-1.489521	1.508635	19.220331
5543	6787.852805	104.191557	-1.673868	1.507555	19.159663
5545	6789.915864	104.270157	4.150676	1.509881	18.804669
5547	6791.979249	100.287904	3.892192	1.526610	19.437602
5549	6794.042407	104.119204	1.399854	1.541128	19.002332
5551	6796.106093	102.688535	1.310988	1.533121	18.855294
5553	6798.169594	104.233831	2.458076	1.536348	18.151759
5555	6800.233124	105.650123	0.052131	1.556885	18.868631
5557	6802.296281	104.726983	2.102596	1.540218	18.779792
5559	6804.359382	104.834285	1.091063	1.552863	18.804840
5561	6806.422193	101.870677	-0.823871	1.555376	18.841055
5563	6808.484845	103.576029	0.824013	1.586585	18.133495
5565	6810.547409	98.246847	4.677016	1.534894	18.668959
5567	6812.609887	104.222882	3.266559	1.556477	18.234867
5569	6814.672478	100.561556	3.318291	1.533500	18.123821
5571	6816.734995	104.116382	2.058608	1.560269	18.887449
5573	6818.797918	101.177590	5.308381	1.556434	18.217472
5575	6820.861021	99.723952	4.908919	1.546886	17.822621
5577	6822.924297	99.655021	6.257195	1.549326	18.537325
5579	6824.987493	103.832091	3.405368	1.563503	18.022724
5581	6827.050918	102.561478	2.532221	1.569792	18.395057
5583	6829.114352	97.802200	5.459917	1.543864	18.024415
5585	6831.177457	93.591913	5.934868	1.550429	17.655402
5587	6833.240451	100.341907	1.683160	1.580329	17.933597
5589	6835.303728	94.907948	5.909788	1.547593	17.835508
5591	6837.366778	95.873770	5.986688	1.558510	18.143506
5593	6839.429615	102.004868	0.244590	1.609028	18.042715
5595	6841.492262	100.809676	2.383188	1.599040	17.502474
5597	6843.555219	100.406301	2.051145	1.589371	17.768949
5599	6845.618034	97.149958	6.933735	1.551247	17.731963
5601	6847.680527	100.279866	3.620827	1.582070	17.238981
5603	6849.743255	100.739336	3.736601	1.580268	17.145288
5605	6851.806479	95.683478	7.220684	1.567809	17.258791
5607	6853.869729	96.180308	6.364548	1.563940	17.511324
5609	6855.932943	100.855649	4.382881	1.575538	17.424410
5611	6857.996421	96.427969	6.472740	1.557227	16.703139
5613	6860.059961	98.034832	6.080856	1.561265	17.369690
5615	6862.123340	97.117937	6.826066	1.575795	16.954099
5617	6864.186509	95.668765	8.495899	1.545841	17.335985
5619	6866.249604	99.164176	3.690167	1.607925	16.753977
5621	6868.312492	98.298584	5.535719	1.579324	16.950660
5623	6870.375160	98.225744	6.587261	1.579043	16.433382
5625	6872.437876	95.222641	7.359014	1.564699	16.693936
5627	6874.500386	99.569757	3.524194	1.604920	16.776917
5629	6876.562839	95.521423	7.538890	1.582255	16.551919
5631	6878.625560	93.104470	7.496835	1.580763	16.654731
5633	6880.688452	94.347859	8.691629	1.592473	16.580502
5635	6882.751079	100.904561	15.916528	1.581775	16.527986
5637	6884.814217	92.760851	7.307570	1.589360	16.715645
5639	6886.877318	92.948987	8.091872	1.587287	16.907603
5641	6888.940694	92.551616	9.778152	1.572892	16.146453
5643	6891.003686	91.704500	8.756618	1.592314	16.394940
5645	6893.066905	94.243776	7.740578	1.604660	16.135019
5647	6895.129960	94.297158	8.720711	1.586135	16.350324
5649	6897.192769	91.406036	8.619186	1.603950	16.009992
5651	6899.256019	89.924962	9.041370	1.594180	16.226788
5653	6901.318721	93.089064	8.755727	1.608010	15.987089
5655	6903.381517	92.948062	10.605811	1.637543	16.273982
5657	6905.444336	99.394168	13.211654	1.638705	15.967723
5659	6907.506945	100.381264	18.043694	1.618902	15.881434
5661	6909.569856	97.066034	4.388264	1.661453	15.574986
5663	6911.632755	96.086369	7.888051	1.608263	15.938336
5665	6913.696073	96.190953	5.973406	1.632180	15.597846
5667	6915.759138	95.474430	3.764885	1.644125	15.406140
5669	6917.822559	94.631996	5.016561	1.610689	15.418719
5671	6919.885586	92.711121	9.762178	1.606755	15.201964
5673	6921.949254	96.177915	5.647983	1.646183	15.011912
5675	6924.012366	97.113756	4.858522	1.633219	14.826173
5677	6926.075890	92.002837	9.670801	1.624689	15.197620
5679	6928.138604	91.983612	10.270925	1.605281	14.938071
5681	6930.201282	93.528824	9.100908	1.611706	15.280059
5683	6932.264054	94.525935	5.135120	1.608890	14.942130
5685	6934.326605	95.044684	5.540317	1.696095	15.359318
5687	6936.388998	93.750877	6.752983	1.638160	15.016808
5689	6938.451506	91.957034	9.490023	1.637213	14.948847
5691	6940.513814	91.189715	10.797358	1.623183	15.361099
5693	6942.576827	91.969199	6.520048	1.671807	15.351312
5695	6944.639834	89.480358	11.383015	1.648498	14.904724
5697	6946.702951	91.528888	7.166343	1.664218	14.904013
5699	6948.765899	94.708270	15.623750	1.622126	15.005381
5701	6950.828823	88.932880	11.522297	1.632740	14.473030
5703	6952.892171	93.502923	6.293723	1.664956	14.859305
5705	6954.954925	88.009088	9.778971	1.658081	14.745586
5707	6957.017855	88.224904	10.172022	1.659687	14.556757
5709	6959.080939	88.201989	10.712620	1.642113	14.869678
5711	6961.143811	96.136589	16.196986	1.643861	14.870465
5713	6963.206462	90.078905	10.460319	1.647559	14.265907
5715	6965.269625	90.473653	10.817301	1.648868	14.291198
5717	6967.332114	92.568258	5.240631	1.705864	14.594954
5719	6969.394996	92.773321	7.086759	1.704515	14.110577
5721	6971.458156	92.122764	6.204123	1.681820	14.453114
5723	6973.521201	91.497921	8.031094	1.696976	14.238403
5725	6975.584381	91.452723	10.748553	1.659758	14.160656
5727	6977.647760	91.556032	7.395396	1.683591	14.163179
5729	6979.710606	87.055411	11.748454	1.637823	13.723086
5731	6981.774282	94.330686	19.431868	1.674289	13.578627
5733	6983.837378	93.942431	17.456732	1.670056	13.576274
5735	6985.900507	87.931490	10.332549	1.679976	13.616744
5737	6987.963426	87.965871	11.095287	1.664579	13.825868
5739	6990.025930	90.589812	8.070889	1.694184	13.812347
5741	6992.088740	91.467543	7.755023	1.755468	13.312852
5743	6994.151043	84.763788	11.343928	1.694102	13.496402
5745	6996.213570	89.937736	9.347952	1.684671	13.538303
5747	6998.276120	90.111611	9.692361	1.729570	13.409131
5749	7000.338850	88.563480	11.421959	1.686332	13.451190
5751	7002.401543	91.887117	4.504927	1.708039	13.225201
5753	7004.464586	92.123790	15.452522	1.709984	13.451029
5755	7006.527181	89.660096	8.561137	1.720666	13.477076
5757	7008.590155	90.233930	7.212513	1.715235	13.536855
5759	7010.653096	86.138082	11.535179	1.706502	13.512361
5761	7012.716226	89.266026	8.179311	1.733039	13.517029
5763	7014.779154	90.177236	17.187592	1.693033	13.270936
5765	7016.841878	88.469076	8.471182	1.765574	13.275105
5767	7018.904789	85.193760	13.839703	1.687443	12.994019
5769	7020.967648	86.229708	13.065450	1.688895	13.397501
5771	7023.030717	91.517371	19.675459	1.716395	13.262575
5773	7025.093333	90.228189	7.652397	1.736442	13.060854
5775	7027.156248	88.650026	8.512668	1.751833	12.892893
5777	7029.219263	89.531418	8.243006	1.754347	12.909073
5779	7031.281909	84.184787	12.475291	1.731522	12.678330
5781	7033.345373	89.618806	16.784811	1.737311	12.609808
5783	7035.408613	90.815140	18.938026	1.744541	12.585486
5785	7037.471997	82.626741	14.559945	1.757670	12.527684
5787	7039.535061	84.111994	13.987646	1.740817	12.574789
5789	7041.598198	88.548870	8.264633	1.762813	13.220460
5791	7043.661159	85.043219	12.494566	1.745357	12.551911
5793	7045.724347	81.387560	16.964656	1.746949	12.505649
5795	7047.787152	81.806494	14.690593	1.738922	12.040039
5797	7049.849620	84.954941	11.227109	1.786715	12.376437
5799	7051.912246	87.158355	9.366231	1.792562	12.151450
5801	7053.974636	82.326449	12.768644	1.760507	12.374291
5803	7056.037240	89.785354	22.457651	1.769680	12.034549
5805	7058.099513	87.114544	10.109600	1.773543	12.483960
5807	7060.162419	82.061686	13.077725	1.769675	12.441762
5809	7062.225095	82.310476	13.964235	1.759500	12.146313
5811	7064.287737	82.884490	13.334724	1.762578	12.527913
5813	7066.350826	88.233824	7.617010	1.817221	12.034055
5815	7068.413873	90.435296	18.639409	1.790499	12.301278
5817	7070.476714	88.474870	19.224229	1.781180	11.887288
5819	7072.539542	83.340244	12.206235	1.778204	12.060403
5821	7074.602630	87.359295	18.299159	1.782305	12.071009
5823	7076.665200	89.289297	19.167287	1.780712	11.511308
5825	7078.728268	81.469008	13.751883	1.788558	11.903362
5827	7080.791112	82.071536	13.726382	1.785029	11.869372
5829	7082.854127	85.574378	8.722684	1.770769	11.825059
5831	7084.916798	88.163537	18.887139	1.789743	11.810652
5833	7086.979687	83.196474	13.456944	1.752473	11.992728
5835	7089.042528	84.591617	13.514759	1.806502	11.549921
5837	7091.105943	85.698248	9.581040	1.808331	11.649051
5839	7093.169034	80.791950	14.674101	1.806953	11.660346
5841	7095.232395	80.635646	14.599897	1.792354	11.369678
5843	7097.295160	81.384395	16.563410	1.795286	11.329569
5845	7099.358422	81.937533	13.532112	1.799090	11.374251
5847	7101.421547	84.465782	10.573703	1.833328	11.267301
5849	7103.484772	83.707265	10.381142	1.833897	11.403291
5851	7105.547485	77.947297	17.616505	1.831339	11.092004
5853	7107.610071	84.150231	10.687504	1.856248	11.160531
5855	7109.672819	85.249376	9.378224	1.842743	11.196592
5857	7111.735241	79.806806	14.118113	1.821512	11.213547
5859	7113.797569	78.821177	15.712108	1.822840	10.828968
5861	7115.860454	79.926959	15.137573	1.796762	10.916951
5863	7117.922911	81.526672	13.435471	1.854893	10.777530
5865	7119.985343	79.784906	17.064942	1.859018	11.295551
5867	7122.047978	85.679532	19.621890	1.840501	10.820203
5869	7124.110962	78.806561	14.209734	1.851786	11.189757
5871	7126.173949	78.869968	13.941680	1.838718	11.000102
5873	7128.237102	82.551385	13.811712	1.832912	10.917630
5875	7130.299471	82.371089	11.490330	1.948113	11.051706
5877	7132.362472	79.012263	15.961667	1.826393	10.790505
5879	7134.425216	81.221050	12.930695	1.901272	10.724368
5881	7136.488188	84.285899	22.376927	1.872606	10.618607
5883	7138.551198	84.178426	9.480084	1.869888	10.876096
5885	7140.614369	79.483673	15.187534	1.874172	10.957761
5887	7142.676734	85.636932	21.496144	1.881716	10.731535
5889	7144.739729	81.086308	14.266191	1.874253	10.539537
5891	7146.802593	81.002286	12.464859	1.847320	10.407124
5893	7148.865733	82.335601	11.284140	1.892150	10.302875
5895	7150.928986	75.256404	16.340574	1.894023	10.415845
5897	7152.992365	84.191410	21.251158	1.877410	10.296675
5899	7155.055443	77.762475	14.440359	1.890277	10.175883
5901	7157.118655	83.910443	20.341698	1.875804	10.247875
5903	7159.181890	81.102752	10.700826	1.894425	10.367091
5905	7161.244805	80.459828	12.688296	1.950707	10.187626
5907	7163.307833	76.590847	15.551363	1.896723	10.299019
5909	7165.370335	77.044509	15.063514	1.896580	10.100489
5911	7167.433053	78.954175	12.568503	2.004807	10.031031
5913	7169.495750	79.802042	12.452308	1.922740	10.380272
5915	7171.558040	79.439412	13.573447	1.940746	10.168515
5919	7175.683166	75.512508	16.638605	1.901614	10.173717
5921	7177.745817	75.654533	16.831269	1.885242	10.160418
5923	7179.808512	76.971295	16.257776	1.948783	9.827307
5927	7183.934157	75.575567	14.968462	1.914136	10.145222
5929	7185.996965	80.626253	20.085112	1.921516	10.034694
5931	7188.059965	79.174889	11.837185	1.941226	9.930998
5933	7190.122358	79.349367	22.019366	1.943818	9.831417
5935	7192.185372	76.513076	16.084183	1.913816	10.081150
5937	7194.248434	78.715216	12.669408	1.966632	9.868665
5939	7196.311181	75.642374	15.634037	1.942655	9.779401
5941	7198.374164	77.279734	14.998402	1.947296	10.141277
5943	7200.436990	81.369361	10.223978	1.959500	10.374684
5945	7202.499821	75.780069	15.407183	1.940330	9.783870
5947	7204.563252	77.298821	14.484217	1.967785	9.745114
5949	7206.626027	75.671966	15.917960	1.953021	9.292403
5951	7208.689300	73.794722	17.573014	1.925675	9.534783
5953	7210.752330	74.910012	17.547660	1.967489	9.525929
5955	7212.815614	80.151661	19.366690	1.960348	9.380023
5957	7214.879059	73.950040	16.307132	1.972056	9.117740
5959	7216.941930	80.695981	22.666391	1.985299	9.211743
5961	7219.005178	74.106956	17.876206	1.974548	9.186982
5963	7221.067888	74.545326	16.181536	1.966332	9.537909
5965	7223.130482	76.753750	14.616987	1.965672	9.390418
5967	7225.193308	76.842072	14.171141	1.981052	9.318198
5969	7227.256461	79.430284	24.083904	2.011633	9.134947
5971	7229.318584	76.918260	13.516746	1.985380	9.272905
5973	7231.380930	79.735710	23.115320	1.989915	9.211835
5975	7233.443888	78.910624	22.284154	2.003854	9.056307
5977	7235.506315	76.402886	13.352019	2.020606	9.185487
5979	7237.568804	73.351496	16.333918	2.002923	9.196311
5981	7239.631519	73.467963	16.651302	1.985295	9.048554
5983	7241.694461	75.084613	15.871707	1.996709	9.151563
5985	7243.756971	77.898069	12.365206	2.032200	9.381230
5987	7245.820121	77.426368	12.945414	2.029370	9.150407
5989	7247.882718	77.840970	20.090370	2.024911	9.027989
5991	7249.945242	71.658463	18.202933	2.002705	9.124571
5993	7252.008724	79.571435	23.145653	2.022249	9.053256
5995	7254.071385	75.840684	13.510648	2.024285	9.015969
5997	7256.134478	75.569318	14.068834	2.024136	8.900150
5999	7258.197253	74.601211	16.242373	2.016203	8.960388
6001	7260.260136	75.476020	12.974919	2.062846	8.477595
6003	7262.323414	76.025936	13.763368	2.038837	8.788303
6005	7264.386470	73.266733	15.095843	2.082244	8.745692
6007	7266.449891	75.272419	13.234328	2.085411	8.840732
6009	7268.512674	75.983574	12.852628	2.051599	8.961333
6011	7270.576094	75.891436	13.587071	2.004768	8.754342
6013	7272.638945	76.448652	20.267814	2.071656	8.690612
6015	7274.702429	76.107696	20.925255	2.061942	8.443112
6017	7276.765408	74.361036	13.582815	2.060388	8.594896
6019	7278.828309	73.236653	16.378754	2.045718	8.547784
6021	7280.891450	71.250319	16.710999	2.050233	8.266019
6023	7282.954076	70.840579	18.777265	2.104157	8.631338
6025	7285.016584	75.001181	25.955688	2.093936	8.458519
6027	7287.079245	71.454914	16.530989	2.061795	8.258596
6029	7289.141710	72.767509	16.719352	2.057437	8.689770
6031	7291.204396	73.756593	15.271098	2.071586	8.336512
6033	7293.266858	76.507348	22.455354	2.071082	8.460720
6035	7295.329333	77.803379	23.326320	2.103914	8.466838
6037	7297.391822	76.868325	23.505471	2.084097	8.268424
6039	7299.454547	76.067576	24.820799	2.109916	8.310944
6041	7301.517198	68.398914	16.133788	2.088159	8.414839
6043	7303.580208	75.349472	11.935166	2.111723	8.451701
6045	7305.643171	77.085905	22.095302	2.114851	8.135986
6047	7307.706119	77.152633	22.437859	2.112556	8.360619
6049	7309.768523	72.849162	14.477729	2.118381	8.292125
6051	7311.831633	71.022722	16.974839	2.089286	8.383196
6053	7313.894694	68.265832	21.895293	2.098448	8.346754
6055	7315.957690	71.181600	16.897328	2.106079	8.093517
6057	7318.020233	74.537895	13.168245	2.133102	8.247534
6059	7320.083726	70.275011	17.020421	2.105857	8.008979
6061	7322.146855	69.228645	16.750067	2.119016	8.128764
6063	7324.209967	70.880942	16.641679	2.121243	8.135173
6065	7326.273054	71.821487	14.494672	2.153455	8.151946
6067	7328.336273	72.992931	14.358488	2.138282	8.002550
6069	7330.399546	72.726411	13.541081	2.143608	7.772413
6071	7332.462780	73.378669	12.736543	2.149001	8.031772
6073	7334.525773	74.673741	22.393900	2.155041	8.036644
6075	7336.588733	67.511459	16.806392	2.170709	7.794043
6077	7338.651612	66.507190	19.245425	2.181678	7.956769
6079	7340.714642	75.564212	24.673600	2.155615	7.881929
6081	7342.777032	74.778635	21.654320	2.149498	8.115938
6083	7344.839752	68.042956	18.400966	2.161761	7.834955
6085	7346.901878	73.387776	23.529446	2.182572	7.804989
6087	7348.965254	73.969588	11.495513	2.152854	7.813507
6089	7351.027439	67.959672	16.837958	2.156300	7.854675
6091	7353.090143	65.819303	20.929474	2.160781	7.933585
6093	7355.152393	75.025550	21.784077	2.177719	7.943404
6095	7357.215244	72.469811	22.517365	2.172449	7.842459
6097	7359.277973	67.635996	17.821468	2.176579	7.824911
6099	7361.340952	70.996414	14.563236	2.176105	7.790520
6101	7363.403474	72.862891	12.302098	2.206607	7.758378
6103	7365.466465	71.869864	20.649784	2.197073	7.579538
6105	7367.529653	67.958715	17.083822	2.171591	7.946937
6107	7369.592121	68.050037	16.910103	2.214016	7.857259
6109	7371.654714	72.767303	24.534148	2.222751	7.765376
6111	7373.718302	67.635328	16.317883	2.196065	7.736714
6113	7375.781078	71.263555	13.872077	2.202513	7.726150
6115	7377.843690	70.659271	13.447531	2.236136	7.596181
6117	7379.906875	71.346510	21.051020	2.213966	7.709805
6119	7381.969992	70.380951	14.527297	2.233078	7.514609
6121	7384.033205	67.836836	16.516868	2.204564	7.474082
6123	7386.096853	70.047507	14.347318	2.214792	7.540375
6125	7388.159766	70.834893	13.588100	2.232087	7.507898
6127	7390.222846	70.930704	20.731781	2.233216	7.491756
6129	7392.285743	70.540684	21.847879	2.235697	7.594914
6131	7394.348813	73.028655	23.279486	2.235326	7.410415
6133	7396.412112	66.848117	16.394664	2.213516	7.346207
6135	7398.474637	68.594839	15.553950	2.227150	7.597171
6137	7400.537088	67.368876	16.749836	2.239549	7.588235
6139	7402.600025	72.050925	22.380631	2.267875	7.499005
6141	7404.662788	72.064914	21.263757	2.258781	7.334291
6143	7406.725152	65.785286	16.914042	2.237911	7.295787
6145	7408.787820	68.614811	14.093034	2.265518	7.346732
6147	7410.850306	71.172560	19.825121	2.253163	7.256763
6149	7412.912915	68.958194	13.170226	2.265583	7.563249
6151	7414.975431	69.274871	12.666016	2.286850	7.591588
6153	7417.038266	67.111554	16.156737	2.257701	7.275557
6155	7419.101164	65.618221	16.020635	2.255893	7.325025
6157	7421.163868	65.662097	17.112375	2.269984	7.383674
6159	7423.226459	71.073653	22.885027	2.298854	7.596148
6161	7425.289292	65.794737	16.664049	2.280898	7.493575
6163	7427.352367	70.661292	22.045677	2.289834	7.217031
6165	7429.415239	68.776043	20.567956	2.276786	7.414518
6167	7431.477857	68.478611	13.225749	2.289450	7.378607
6169	7433.541248	68.201219	12.999316	2.312729	7.110784
6171	7435.604284	64.277729	15.994106	2.281145	7.211922
6173	7437.667479	68.113710	13.475913	2.297396	7.310116
6175	7439.730519	64.524662	16.401002	2.288572	7.176262
6177	7441.793396	67.028807	15.270069	2.321231	7.117726
6179	7443.856956	63.515692	16.289595	2.290130	6.931005
6181	7445.919527	66.039593	15.694693	2.290636	7.122685
6183	7447.982816	66.960688	15.006930	2.282102	7.038203
6185	7450.046164	70.779957	22.475757	2.309340	7.136919
6187	7452.109504	63.648692	16.629761	2.311779	7.222711
6189	7454.172109	64.626965	15.732869	2.303279	7.077623
6191	7456.235282	66.521527	13.146995	2.317468	7.189148
6193	7458.297315	64.910705	16.636551	2.302521	6.971591
6195	7460.360664	63.351614	18.367913	2.300244	6.946872
6197	7462.423334	66.255554	14.573675	2.332524	7.064105
6199	7464.485530	63.208876	17.150179	2.332541	7.076957
6201	7466.547898	69.361890	21.073023	2.338169	6.898978
6203	7468.610520	68.786689	19.756279	2.338177	7.000007
6205	7470.673686	63.662565	16.080367	2.331254	7.123353
6207	7472.736034	67.398053	12.570554	2.363226	7.025120
6209	7474.798230	63.305065	16.401871	2.342058	6.962686
6211	7476.861292	64.795304	13.796963	2.371892	7.161616
6213	7478.923640	63.165743	16.344734	2.345733	7.238771
6215	7480.986472	63.384673	15.606913	2.350138	7.108685
6217	7483.049240	67.118772	11.709095	2.379214	7.176940
6219	7485.112201	68.303380	21.591030	2.356112	7.054987
6221	7487.175260	62.149643	16.245270	2.363799	6.920094
6223	7489.237992	65.606050	12.633734	2.388612	7.311485
6225	7491.300748	68.812654	22.663037	2.377239	6.986738
6227	7493.364184	67.170488	20.325664	2.379639	7.045051
6229	7495.427370	66.215082	12.902749	2.424052	7.039132
6231	7497.490246	67.688004	20.943036	2.388328	6.943004
6233	7499.553499	67.811823	20.641842	2.391796	6.816770
6235	7501.616778	67.564376	19.707227	2.384421	6.737262
6237	7503.679667	65.898858	12.127203	2.380420	6.896843
6239	7505.743639	66.416341	18.924142	2.392839	6.838436
6241	7507.805789	66.668444	19.697004	2.397966	6.934271
6243	7509.868868	60.379298	15.866392	2.386785	6.759234
6245	7511.932191	63.613784	15.637702	2.390609	6.856872
6247	7513.994851	65.044978	12.314228	2.401852	6.700425
6249	7516.057981	67.049451	20.109873	2.401741	6.619460
6251	7518.120673	66.606680	19.505566	2.397547	6.673662
6253	7520.183291	64.544206	12.912396	2.446370	6.586528
6255	7522.245782	65.840036	19.998474	2.425563	6.941244
6257	7524.307874	67.238986	21.208660	2.418568	6.952344
6259	7526.370465	65.743403	18.940374	2.411056	6.603234
6261	7528.433099	61.999032	15.980120	2.424817	6.684866
6263	7530.495513	62.200632	14.999971	2.412953	6.903684
6265	7532.557964	65.069758	12.169504	2.438084	6.755345
6267	7534.620558	60.873054	15.479115	2.414189	6.722182
6269	7536.683167	62.808522	15.015900	2.429281	6.952546
6271	7538.746264	66.128595	19.003381	2.430238	6.736179
6273	7540.809186	63.273290	14.090012	2.416847	6.655789
6275	7542.871495	63.949523	12.073875	2.445657	6.766293
6277	7544.934339	63.835731	11.971727	2.461921	6.763201
6279	7546.997314	63.242927	11.523418	2.474025	6.756533
6281	7549.060382	62.990608	12.504841	2.457476	6.717409
6283	7551.123471	66.556217	20.579000	2.454030	6.770174
6285	7553.186175	61.112198	14.808552	2.440014	6.615350
6287	7555.249494	61.797475	13.992502	2.449879	6.690469
6289	7557.312306	62.923226	13.943387	2.444667	7.042421
6291	7559.375579	61.313711	14.608056	2.445446	6.587186
6293	7561.439191	61.923532	14.468057	2.443726	6.457460
6295	7563.501747	59.320099	15.170642	2.463837	6.922208
6297	7565.565160	66.533105	21.816991	2.477632	6.567890
6299	7567.628078	65.341945	21.687579	2.473654	6.527626
6301	7569.691011	64.226046	18.650565	2.469713	6.686344
6303	7571.754282	63.070545	12.274917	2.463023	6.633177
6305	7573.816899	60.975954	13.003982	2.456655	6.665340
6307	7575.879660	62.385152	11.950987	2.483705	6.623451
6309	7577.942259	59.898820	16.156395	2.470050	6.435015
6311	7580.004809	64.482068	18.090431	2.480808	6.399921
6313	7582.067174	59.596270	13.900938	2.483136	6.648577
6315	7584.129798	64.994245	22.388338	2.488771	6.683371
6317	7586.192416	65.387957	19.137084	2.480702	6.435409
6319	7588.254523	64.567915	18.093207	2.486722	6.755973
6321	7590.316780	63.909775	18.218769	2.498255	6.576662
6323	7592.379506	58.124996	14.201536	2.499472	6.690881
6325	7594.442360	59.810634	14.204262	2.487065	6.653463
6327	7596.504742	57.860839	13.389003	2.491281	6.702366
6329	7598.567203	59.108108	15.018771	2.511244	6.366070
6331	7600.629965	60.338392	14.013089	2.497056	6.551821
6333	7602.692887	59.643477	13.958633	2.505058	6.480771
6335	7604.755550	63.970260	18.487267	2.509965	6.558061
6337	7606.818246	63.177491	17.782685	2.521289	6.636161
6339	7608.881453	61.418864	11.813656	2.506721	6.560341
6341	7610.944568	63.310627	17.622159	2.522088	6.570076
6343	7613.007290	57.881202	13.944357	2.498949	6.382682
6345	7615.069922	60.162713	13.258737	2.512911	6.326109
6347	7617.133386	60.961494	11.690587	2.515713	6.590042
6349	7619.196311	59.482250	12.643691	2.507233	6.495719
6351	7621.259581	64.392479	18.759058	2.517908	6.448197
6353	7623.322603	58.717128	14.079916	2.536906	6.608851
6355	7625.385279	63.031001	18.849309	2.521833	6.486467
6357	7627.448713	57.911170	13.301980	2.522297	6.396754
6359	7629.511280	57.927878	13.383346	2.537122	6.554933
6361	7631.574002	63.260366	19.444112	2.543477	6.547110
6363	7633.636607	62.028599	17.182035	2.539129	6.326284
6365	7635.699417	58.577760	13.197482	2.540575	6.293224
6367	7637.762105	57.293776	13.399022	2.531999	6.331973
6369	7639.824160	63.981863	18.540443	2.545390	6.251745
6371	7641.886694	57.340349	13.678040	2.556010	6.289912
6373	7643.948931	58.579721	13.051534	2.551853	6.476477
6375	7646.011425	57.667232	12.492626	2.540058	6.431289
6377	7648.073614	57.421497	13.083149	2.550803	6.393583
6379	7650.136065	58.148687	12.361332	2.556741	6.364719
6381	7652.199278	60.961737	16.125121	2.561104	6.558534
6383	7654.261188	61.326669	15.935711	2.560367	6.344020
6385	7656.323312	62.031098	15.756267	2.560318	6.330667
6387	7658.386441	62.208825	16.666212	2.561384	6.359647
6389	7660.449285	57.996333	12.841471	2.566376	6.410799
6391	7662.511933	56.808381	13.618256	2.558482	6.376826
6393	7664.574148	60.973528	15.553368	2.559214	6.299215
6395	7666.637374	57.424964	13.030543	2.572659	6.154949
6397	7668.700177	57.594253	12.720464	2.577218	6.271297
6399	7670.762951	60.553315	15.303533	2.579760	6.301592
6401	7672.825782	61.479134	15.717781	2.575998	6.380908
6403	7674.889096	61.178668	10.478754	2.580398	6.314831
6405	7676.952040	59.366827	9.895405	2.618463	6.335049
6407	7679.014825	61.308863	14.672685	2.580938	6.176234
6409	7681.077588	57.245713	11.388179	2.572532	6.217117
6411	7683.140063	56.669477	11.607464	2.580375	6.155814
6413	7685.203756	56.591309	11.521821	2.589954	6.282793
6415	7687.266325	57.911310	10.509734	2.613068	6.186944
6417	7689.329075	57.140009	11.351281	2.591063	6.296828
6419	7691.391729	56.385946	11.199266	2.588814	6.324085
6421	7693.454038	58.485817	13.392129	2.611622	6.283184
6423	7695.516359	59.618566	13.960535	2.598431	6.142458
6425	7697.579179	56.001767	11.377020	2.596239	6.091395
6427	7699.641245	59.564930	13.921751	2.591704	6.106131
6429	7701.703114	59.022047	8.686872	2.605224	6.096475
6431	7703.765895	56.137421	10.836887	2.597007	6.022379
6433	7705.828179	56.563606	11.069404	2.596251	6.314583
6435	7707.890453	61.654293	15.701407	2.593806	6.175404
6437	7709.952554	59.113825	13.195733	2.611207	6.236723
6439	7712.014943	56.177101	10.811869	2.612650	6.246442
6441	7714.077548	56.309999	10.466298	2.607702	6.300610
6443	7716.140261	59.017580	7.808563	2.657672	6.214802
6445	7718.202304	59.946406	14.015379	2.605831	6.296807
6447	7720.265404	54.699499	10.952558	2.603024	6.140482
6449	7722.327749	59.940298	14.623724	2.605844	6.113446
6451	7724.390349	59.795816	13.354422	2.618401	6.127625
6453	7726.453541	56.052607	9.323578	2.673685	6.111439
6455	7728.515817	57.655276	6.862196	2.670090	6.128343
6457	7730.578274	55.674091	10.518092	2.618640	6.041867
6459	7732.641490	54.947126	11.048059	2.623948	6.061766
6461	7734.704564	53.291340	11.696682	2.618144	6.228274
6463	7736.766798	54.810186	9.866664	2.624936	6.104373
6465	7738.829798	55.158896	10.585032	2.633681	6.151612
6467	7740.892996	60.201346	13.006313	2.632280	5.899268
6469	7742.955387	54.449679	10.427259	2.644079	6.124183
6471	7745.018754	60.465055	15.189998	2.647131	6.003250
6473	7747.081104	54.821655	10.438597	2.624229	5.766535
6475	7749.143453	59.495822	14.884710	2.622728	6.118929
6477	7751.206536	55.833359	10.249607	2.632538	6.084607
6479	7753.268993	61.503047	16.700572	2.663088	5.955007
6481	7755.330902	59.580465	13.635148	2.627563	6.052415
6483	7757.392930	54.848182	9.513771	2.630249	6.032968
6485	7759.455346	54.936825	9.105096	2.637125	5.952695
6487	7761.518206	59.289123	12.567189	2.635662	6.067113
6489	7763.579571	57.487010	5.987507	2.668766	6.059916
6491	7765.641673	55.909031	5.913713	2.679964	6.056721
6493	7767.704418	57.158440	11.054788	2.659579	6.123123
6495	7769.766928	56.397817	10.741548	2.658132	5.964942
6497	7771.828580	52.945197	9.437083	2.647671	6.334919
6499	7773.890916	58.924879	13.344977	2.645804	5.796024
6501	7775.953768	55.603471	8.705720	2.654894	6.018902
6503	7778.016025	58.319204	12.118338	2.637882	5.860536
6505	7780.078807	56.873595	11.718281	2.636888	5.843379
6507	7782.141260	57.778130	10.882404	2.651480	5.856614
6509	7784.203946	53.457714	8.528280	2.660735	5.915850
6511	7786.266657	57.496429	5.882105	2.662425	5.986232
6513	7788.329246	54.689956	8.174132	2.654752	6.065701
6515	7790.391801	53.383473	8.850354	2.653098	5.891166
6517	7792.454459	53.275353	8.374754	2.663708	5.873170
6519	7794.517757	53.502692	8.988555	2.668841	6.018489
6521	7796.579786	55.442710	4.585441	2.695196	5.970170
6523	7798.642761	53.988293	7.748847	2.659451	5.923133
6525	7800.705500	52.795799	7.794789	2.665626	5.670859
6527	7802.767772	56.406108	10.943537	2.654891	5.798914
6529	7804.830639	53.521880	6.443265	2.719486	5.771569
6531	7806.892613	53.135888	7.927403	2.659014	5.725253
6533	7808.955707	53.658601	8.445017	2.678140	5.935185
6535	7811.018124	53.832965	7.584378	2.666999	5.754107
6537	7813.079842	53.331909	7.694145	2.664802	5.868844
6539	7815.142192	54.842547	8.923396	2.666506	5.726802
6541	7817.204702	50.384547	7.827654	2.706561	5.869291
6543	7819.266969	56.329359	4.210078	2.713693	5.778435
6545	7821.328780	52.042962	7.950338	2.674259	5.826324
6547	7823.390981	55.208208	4.219126	2.730519	5.588178
6549	7825.453331	56.099535	9.495320	2.667340	5.895053
6551	7827.515393	51.976082	7.089249	2.685865	5.721246
6553	7829.577831	51.280710	7.060936	2.675823	5.826941
6555	7831.640155	50.925137	8.521018	2.675262	5.754618
6557	7833.702154	53.164414	6.902392	2.681619	5.704804
6559	7835.764633	50.753722	8.543268	2.676072	5.879201
6561	7837.827392	52.635829	7.240260	2.683445	5.699712
6563	7839.889655	55.210475	7.854992	2.681114	5.630731
6565	7841.951837	49.008851	8.028470	2.683035	5.726671
6567	7844.014681	51.967499	6.938278	2.684444	5.694363
6569	7846.077520	53.928629	7.383355	2.683841	5.774456
6571	7848.140080	51.817142	6.521548	2.686072	5.753588
6573	7850.202902	53.857369	7.984843	2.701618	5.485065
6575	7852.265507	55.337252	9.127049	2.671477	5.665740
6577	7854.327798	51.155414	6.425088	2.682759	5.610523
6579	7856.390514	54.804437	8.471512	2.683236	5.549773
6581	7858.453387	54.219895	8.227914	2.674483	5.633000
6583	7860.516257	55.490982	9.606074	2.678896	5.640478
6585	7862.578000	54.383256	8.178043	2.689153	5.614999
6587	7864.640992	55.446741	9.257650	2.694249	5.630948
6589	7866.702395	50.880596	6.085891	2.686693	5.554922
6591	7868.765552	51.906732	6.461547	2.697671	5.653137
6593	7870.826974	55.966622	8.416456	2.693552	5.660712
6595	7872.889473	51.673159	5.509993	2.691931	5.677929
6597	7874.952162	51.408908	6.330922	2.695146	5.484676
6599	7877.013716	50.491235	6.260396	2.691858	5.578977
6601	7879.075603	50.968355	5.912697	2.697599	5.359965
6603	7881.138122	54.633104	8.192499	2.688149	5.367568
6605	7883.199683	54.930361	7.719859	2.693302	5.625826
6607	7885.262383	50.625898	5.312633	2.700781	5.383907
6609	7887.324660	52.490077	5.855255	2.703797	5.438329
6611	7889.386029	49.232490	5.519383	2.691776	5.491558
6613	7891.448934	48.869707	6.030608	2.697811	5.559878
6615	7893.510514	50.316495	5.850403	2.688630	5.411072
6617	7895.573310	53.521422	1.291328	2.764517	5.436368
6619	7897.635763	54.737510	8.098762	2.685098	5.338604
6621	7899.697879	48.056656	5.139755	2.693397	5.600153
6623	7901.760763	51.368726	5.037781	2.705424	5.365630
6625	7903.823206	48.672486	5.622909	2.704676	5.567166
6627	7905.885643	49.965019	4.708077	2.700076	5.427484
6629	7907.948278	51.947309	4.945671	2.703848	5.334197
6631	7910.010655	49.796280	4.707874	2.702246	5.312412
6633	7912.073728	53.852204	7.264785	2.702585	5.351854
6635	7914.135726	52.913980	7.032757	2.692555	5.317816
6637	7916.198323	51.012086	6.169907	2.682453	5.287947
6639	7918.260984	54.139234	7.016975	2.688747	5.234114
6641	7920.323409	52.114995	4.950239	2.708280	5.338727
6643	7922.385785	52.335028	5.714480	2.701744	5.408642
6645	7924.448120	50.525166	4.163319	2.702015	5.312814
6647	7926.510074	49.892144	4.202636	2.708403	5.272682
6649	7928.572266	48.185673	4.227711	2.705187	5.301089
6651	7930.634704	50.562860	3.895421	2.704167	5.284229
6653	7932.696428	54.121430	7.580582	2.687386	5.460638
6655	7934.758468	53.423919	6.897115	2.690323	5.273218
6657	7936.820132	52.715638	4.880273	2.715779	5.324962
6659	7938.882793	49.741971	4.409443	2.715338	5.248962
6661	7940.944370	49.256425	3.618196	2.707886	5.221107
6663	7943.006429	49.111520	3.598698	2.705345	5.278998
6665	7945.068358	49.763720	3.510731	2.704838	5.196574
6667	7947.131186	49.844623	3.605124	2.708547	5.115640
6669	7949.193314	52.893800	5.932155	2.689050	5.091359
6671	7951.255015	52.255604	-0.423555	2.772030	5.363122
6673	7953.317302	50.138211	3.677277	2.705610	5.218595
6675	7955.379726	48.882563	3.188900	2.709768	5.239234
6677	7957.441909	52.238192	4.735392	2.712095	5.035022
6679	7959.504868	48.767710	3.104438	2.706637	5.120215
6681	7961.566952	52.257662	5.366319	2.700553	4.920023
6683	7963.629143	54.584154	6.400152	2.691849	5.216715
6685	7965.692633	51.518571	1.068215	2.708630	5.166459
6687	7967.754723	50.062069	3.177337	2.710711	4.932076
6689	7969.816926	49.485147	2.838363	2.707371	5.021707
6691	7971.879787	50.672673	4.752113	2.699671	5.041441
6693	7973.941771	50.096548	2.633927	2.708615	5.061879
6695	7976.004090	48.423632	2.571308	2.706963	4.985605
6697	7978.066305	48.817248	2.570168	2.707942	5.076104
6699	7980.128500	49.807642	2.734853	2.709108	4.994030
6701	7982.190895	47.981164	2.648104	2.708771	5.064871
6703	7984.252823	50.269348	2.494970	2.712383	4.886718
6705	7986.315114	51.165053	3.667734	2.712099	5.065781
6707	7988.377204	48.334717	2.068884	2.707908	4.817135
6709	7990.439227	50.295387	2.387621	2.716520	5.015727
6711	7992.501544	49.719594	2.419546	2.711538	4.892244
6713	7994.562857	51.842775	4.923817	2.694420	4.910926
6715	7996.625125	47.255212	2.399702	2.708735	4.935070
6717	7998.687060	48.358056	2.043937	2.711015	5.038759
6719	8000.749069	48.812951	2.138590	2.716467	4.895336
6721	8002.811275	50.359055	4.255606	2.700447	4.801815
6723	8004.873366	49.694340	1.912167	2.711828	4.898745
6725	8006.935627	51.964230	4.554978	2.693405	4.909178
6727	8008.997683	50.886558	3.913945	2.697262	4.714227
6729	8011.059840	48.567756	1.839943	2.715055	4.805339
6731	8013.122362	46.725978	1.638847	2.713512	4.783692
6733	8015.184537	47.110332	1.683892	2.707780	4.694277
6735	8017.246859	44.664026	2.121173	2.711283	4.755401
6737	8019.308748	48.658999	1.621106	2.710047	4.832740
6739	8021.371422	48.779610	1.477418	2.709488	4.773590
6741	8023.434223	47.446006	1.328422	2.708046	4.722128
6743	8025.496541	46.542460	1.706885	2.702785	4.714208
6745	8027.559205	49.838114	1.434310	2.712180	4.899094
6747	8029.621459	46.621076	1.463480	2.706020	4.654919
6749	8031.683600	49.014270	1.102376	2.714063	4.670501
6751	8033.745704	49.002337	0.965033	2.711500	4.651776
6753	8035.808628	47.384926	1.201929	2.707062	4.642505
6755	8037.870644	47.217749	0.972144	2.705605	4.703252
6757	8039.932181	47.298296	1.424599	2.703573	4.621362
6759	8041.994524	46.434640	0.928089	2.704663	4.806588
6761	8044.056482	48.160657	1.018427	2.712920	4.704104
6763	8046.118263	48.896578	1.186682	2.709863	4.526111
6765	8048.180392	47.495942	1.059546	2.707648	4.800653
6767	8050.242783	46.252243	0.775864	2.711717	4.563672
6769	8052.304220	48.842484	1.291815	2.704191	4.735992
6771	8054.366374	48.215697	0.699268	2.705711	4.474791
6773	8056.428231	46.257285	0.664486	2.706603	4.604980
6775	8058.490375	46.775091	0.469898	2.707735	4.657733
6777	8060.552669	47.960496	0.478835	2.707910	4.515041
6779	8062.614614	45.487928	0.642023	2.703905	4.665635
6781	8064.677265	47.300383	0.234807	2.704382	4.559515
6783	8066.739286	46.629259	0.536303	2.707866	4.389666
6785	8068.801265	46.276656	0.257893	2.704480	4.492281
6787	8070.863725	45.635291	0.106716	2.705594	4.420214
6789	8072.925807	45.099411	0.265583	2.703830	4.431676
6791	8074.988003	48.724867	0.904278	2.717742	4.533722
6793	8077.051146	50.228730	3.145064	2.684462	4.303485
6795	8079.113258	45.929405	-0.328454	2.700747	4.665363
6797	8081.175478	45.613536	-0.215050	2.704302	4.495599
6799	8083.237759	44.390982	-0.248977	2.697577	4.473560
6801	8085.300158	46.953091	0.034837	2.703280	4.630762
6803	8087.362468	48.375563	0.790432	2.700954	4.354167
6805	8089.424254	44.637520	-0.399204	2.697065	4.511780
6807	8091.487438	43.504341	-0.399785	2.693350	4.352282
6809	8093.548883	45.718510	-0.494292	2.702707	4.292242
6811	8095.611474	49.045947	2.009064	2.675347	4.485850
6813	8097.673174	47.587581	-0.017049	2.711613	4.410269
6815	8099.734309	43.061199	-0.527828	2.686291	4.428640
6817	8101.797043	43.559688	-0.111192	2.694660	4.142359
6819	8103.859711	48.760648	1.573219	2.653216	4.231591
6821	8105.920674	45.520570	-0.627650	2.709823	4.329670
6823	8107.983471	45.093815	-0.828508	2.697149	4.409483
6825	8110.044346	47.969294	1.482787	2.662992	4.319289
6827	8112.106750	45.337155	-0.922603	2.701151	4.306031
6829	8114.168218	46.124188	-0.765905	2.697218	4.352635
6831	8116.230702	45.319199	-1.082124	2.696651	4.272280
